0.0317585100 0.0254256400
0.0317480800 0.0250399100
0.0317376400 0.0246774500
0.0317272000 0.0243382500
0.0317167700 0.0240223300
0.0317063300 0.0237296800
0.0316959000 0.0234603100
0.0316854600 0.0232124000
0.0316750200 0.0229700400
0.0316645900 0.0227295400
0.0316541500 0.0224908900
0.0316437100 0.0222541000
0.0316332800 0.0220191600
0.0316228400 0.0217860700
0.0316124000 0.0215548300
0.0316019700 0.0213254500
0.0315915300 0.0210979200
0.0315811000 0.0208722400
0.0315706600 0.0206484100
0.0315602200 0.0204264400
0.0315497900 0.0202063200
0.0315393500 0.0199880500
0.0315289100 0.0197716300
0.0315184800 0.0195570700
0.0315080400 0.0193443600
0.0314976000 0.0191335000
0.0314871700 0.0189245000
0.0314767300 0.0187173500
0.0314663000 0.0185120500
0.0314558600 0.0183086000
0.0314454200 0.0181070100
0.0314349900 0.0179072700
0.0314245500 0.0177093800
0.0314141100 0.0175133400
0.0314036800 0.0173191600
0.0313932400 0.0171268300
0.0313828000 0.0169363500
0.0313723700 0.0167477300
0.0313619300 0.0165609600
0.0313515000 0.0163760400
0.0313410600 0.0161929700
0.0313306200 0.0160117600
0.0313201900 0.0158324000
0.0313097500 0.0156548900
0.0312993100 0.0154792300
0.0312888800 0.0153054300
0.0312784400 0.0151334800
0.0312680000 0.0149633800
0.0312575700 0.0147951300
0.0312471300 0.0146287400
0.0312367000 0.0144642000
0.0312262600 0.0143015200
0.0312158200 0.0141406800
0.0312053900 0.0139817000
0.0311949500 0.0138245700
0.0311845100 0.0136692900
0.0311740800 0.0135158700
0.0311636400 0.0133643000
0.0311532000 0.0132145800
0.0311427700 0.0130667100
0.0311323300 0.0129207000
0.0311219000 0.0127765400
0.0311114600 0.0126342400
0.0311010200 0.0124937800
0.0310905900 0.0123551800
0.0310801500 0.0122184300
0.0310697100 0.0120835300
0.0310592800 0.0119504900
0.0310488400 0.0118193000
0.0310384000 0.0116899600
0.0310279700 0.0115624700
0.0310175300 0.0114368400
0.0310071000 0.0113130600
0.0309966600 0.0111911300
0.0309862200 0.0110710500
0.0309757900 0.0109528300
0.0309653500 0.0108364600
0.0309549100 0.0107219400
0.0309444800 0.0106092800
0.0309340400 0.0104984700
0.0309236100 0.0103895100
0.0309131700 0.0102824000
0.0309027300 0.0101771500
0.0308923000 0.0100737500
0.0308818600 0.0099722000
0.0308714200 0.0098725000
0.0308609900 0.0097746600
0.0308505500 0.0096786700
0.0308401100 0.0095845300
0.0308296800 0.0094922500
0.0308192400 0.0094018100
0.0308088100 0.0093132400
0.0307983700 0.0092265100
0.0307879300 0.0091416300
0.0307775000 0.0090586100
0.0307670600 0.0089774400
0.0307566200 0.0088981300
0.0307461900 0.0088206600
0.0307357500 0.0087450500
0.0307253100 0.0086713000
0.0307148800 0.0085993900
0.0307044400 0.0085293400
0.0306940100 0.0084611400
0.0306835700 0.0083947900
0.0306731300 0.0083303000
0.0306627000 0.0082676500
0.0306522600 0.0082068600
0.0306418200 0.0081479300
0.0306313900 0.0080908400
0.0306209500 0.0080356100
0.0306105100 0.0079822300
0.0306000800 0.0079307100
0.0305896400 0.0078810400
0.0305792100 0.0078332100
0.0305687700 0.0077868400
0.0305583300 0.0077408700
0.0305479000 0.0076952400
0.0305374600 0.0076499600
0.0305270200 0.0076050300
0.0305165900 0.0075604500
0.0305061500 0.0075162100
0.0304957100 0.0074723100
0.0304852800 0.0074287700
0.0304748400 0.0073855700
0.0304644100 0.0073427100
0.0304539700 0.0073002100
0.0304435300 0.0072580500
0.0304331000 0.0072162300
0.0304226600 0.0071747700
0.0304122200 0.0071336500
0.0304017900 0.0070928700
0.0303913500 0.0070524500
0.0303809100 0.0070123600
0.0303704800 0.0069726300
0.0303600400 0.0069332400
0.0303496100 0.0068942000
0.0303391700 0.0068555100
0.0303287300 0.0068171600
0.0303183000 0.0067791600
0.0303078600 0.0067415100
0.0302974200 0.0067042000
0.0302869900 0.0066672400
0.0302765500 0.0066306300
0.0302661100 0.0065943600
0.0302556800 0.0065584400
0.0302452400 0.0065228700
0.0302348100 0.0064876400
0.0302243700 0.0064527600
0.0302139300 0.0064182300
0.0302035000 0.0063840400
0.0301930600 0.0063502000
0.0301826200 0.0063167100
0.0301721900 0.0062835600
0.0301617500 0.0062507600
0.0301513100 0.0062183100
0.0301408800 0.0061862000
0.0301304400 0.0061544400
0.0301200100 0.0061230300
0.0301095700 0.0060919600
0.0300991300 0.0060612400
0.0300887000 0.0060308700
0.0300782600 0.0060008400
0.0300678200 0.0059711600
0.0300573900 0.0059418300
0.0300469500 0.0059128400
0.0300365200 0.0058842000
0.0300260800 0.0058559100
0.0300156400 0.0058279600
0.0300052100 0.0058003600
0.0299947700 0.0057731100
0.0299843300 0.0057462000
0.0299739000 0.0057196400
0.0299634600 0.0056934300
0.0299530200 0.0056675600
0.0299425900 0.0056420400
0.0299321500 0.0056168200
0.0299217200 0.0055918700
0.0299112800 0.0055671900
0.0299008400 0.0055427800
0.0298904100 0.0055186400
0.0298799700 0.0054947700
0.0298695300 0.0054711700
0.0298591000 0.0054478400
0.0298486600 0.0054247900
0.0298382200 0.0054019900
0.0298277900 0.0053794700
0.0298173500 0.0053572200
0.0298069200 0.0053352400
0.0297964800 0.0053135300
0.0297860400 0.0052920900
0.0297756100 0.0052709200
0.0297651700 0.0052500200
0.0297547300 0.0052293900
0.0297443000 0.0052090300
0.0297338600 0.0051889400
0.0297234200 0.0051691200
0.0297129900 0.0051495700
0.0297025500 0.0051302900
0.0296921200 0.0051112800
0.0296816800 0.0050925400
0.0296712400 0.0050740700
0.0296608100 0.0050558600
0.0296503700 0.0050379300
0.0296399300 0.0050202700
0.0296295000 0.0050028800
0.0296190600 0.0049857600
0.0296086200 0.0049689100
0.0295981900 0.0049523200
0.0295877500 0.0049360100
0.0295773200 0.0049199700
0.0295668800 0.0049042000
0.0295564400 0.0048887000
0.0295460100 0.0048734600
0.0295355700 0.0048585000
0.0295251300 0.0048438100
0.0295147000 0.0048293900
0.0295042600 0.0048152400
0.0294938200 0.0048013600
0.0294833900 0.0047877400
0.0294729500 0.0047744000
0.0294625200 0.0047613300
0.0294520800 0.0047485200
0.0294416400 0.0047359900
0.0294312100 0.0047237300
0.0294207700 0.0047117200
0.0294103300 0.0046998000
0.0293999000 0.0046879100
0.0293894600 0.0046760400
0.0293790200 0.0046642000
0.0293685900 0.0046523800
0.0293581500 0.0046405800
0.0293477200 0.0046288100
0.0293372800 0.0046170700
0.0293268400 0.0046053500
0.0293164100 0.0045936500
0.0293059700 0.0045819800
0.0292955300 0.0045703300
0.0292851000 0.0045587000
0.0292746600 0.0045471000
0.0292642300 0.0045355200
0.0292537900 0.0045239700
0.0292433500 0.0045124500
0.0292329200 0.0045009500
0.0292224800 0.0044894700
0.0292120400 0.0044780200
0.0292016100 0.0044665900
0.0291911700 0.0044551800
0.0291807300 0.0044438000
0.0291703000 0.0044324500
0.0291598600 0.0044211200
0.0291494300 0.0044098100
0.0291389900 0.0043985300
0.0291285500 0.0043872800
0.0291181200 0.0043760500
0.0291076800 0.0043648300
0.0290972400 0.0043536500
0.0290868100 0.0043424900
0.0290763700 0.0043313500
0.0290659300 0.0043202400
0.0290555000 0.0043091600
0.0290450600 0.0042981000
0.0290346300 0.0042870600
0.0290241900 0.0042760500
0.0290137500 0.0042650600
0.0290033200 0.0042541000
0.0289928800 0.0042431600
0.0289824400 0.0042322400
0.0289720100 0.0042213500
0.0289615700 0.0042104900
0.0289511300 0.0041996500
0.0289407000 0.0041888300
0.0289302600 0.0041780400
0.0289198300 0.0041672700
0.0289093900 0.0041565300
0.0288989500 0.0041458100
0.0288885200 0.0041351200
0.0288780800 0.0041244500
0.0288676400 0.0041138100
0.0288572100 0.0041031900
0.0288467700 0.0040925900
0.0288363300 0.0040820100
0.0288259000 0.0040714700
0.0288154600 0.0040609400
0.0288050300 0.0040504400
0.0287945900 0.0040399700
0.0287841500 0.0040295200
0.0287737200 0.0040191000
0.0287632800 0.0040087000
0.0287528400 0.0039983200
0.0287424100 0.0039879700
0.0287319700 0.0039776500
0.0287215300 0.0039673400
0.0287111000 0.0039570600
0.0287006600 0.0039468100
0.0286902300 0.0039365800
0.0286797900 0.0039263800
0.0286693500 0.0039162000
0.0286589200 0.0039060400
0.0286484800 0.0038959100
0.0286380400 0.0038858000
0.0286276100 0.0038757200
0.0286171700 0.0038656600
0.0286067300 0.0038556300
0.0285963000 0.0038456200
0.0285858600 0.0038356400
0.0285754300 0.0038256800
0.0285649900 0.0038157400
0.0285545500 0.0038058300
0.0285441200 0.0037959400
0.0285336800 0.0037860800
0.0285232400 0.0037762400
0.0285128100 0.0037664300
0.0285023700 0.0037566400
0.0284919400 0.0037468800
0.0284815000 0.0037371400
0.0284710600 0.0037274200
0.0284606300 0.0037177400
0.0284501900 0.0037080700
0.0284397500 0.0036984300
0.0284293200 0.0036888100
0.0284188800 0.0036792200
0.0284084400 0.0036696400
0.0283980100 0.0036600800
0.0283875700 0.0036505500
0.0283771400 0.0036410400
0.0283667000 0.0036315500
0.0283562600 0.0036220800
0.0283458300 0.0036126300
0.0283353900 0.0036032000
0.0283249500 0.0035938000
0.0283145200 0.0035844100
0.0283040800 0.0035750500
0.0282936400 0.0035657100
0.0282832100 0.0035563800
0.0282727700 0.0035470800
0.0282623400 0.0035378000
0.0282519000 0.0035285500
0.0282414600 0.0035193100
0.0282310300 0.0035100900
0.0282205900 0.0035009000
0.0282101500 0.0034917300
0.0281997200 0.0034825700
0.0281892800 0.0034734400
0.0281788400 0.0034643300
0.0281684100 0.0034552400
0.0281579700 0.0034461700
0.0281475400 0.0034371300
0.0281371000 0.0034281000
0.0281266600 0.0034191000
0.0281162300 0.0034101100
0.0281057900 0.0034011500
0.0280953500 0.0033922100
0.0280849200 0.0033832900
0.0280744800 0.0033743900
0.0280640400 0.0033655100
0.0280536100 0.0033566500
0.0280431700 0.0033478200
0.0280327400 0.0033390000
0.0280223000 0.0033302100
0.0280118600 0.0033214300
0.0280014300 0.0033126800
0.0279909900 0.0033039500
0.0279805500 0.0032952400
0.0279701200 0.0032865500
0.0279596800 0.0032778800
0.0279492400 0.0032692400
0.0279388100 0.0032606100
0.0279283700 0.0032520100
0.0279179400 0.0032434300
0.0279075000 0.0032348600
0.0278970600 0.0032263200
0.0278866300 0.0032178000
0.0278761900 0.0032093100
0.0278657500 0.0032008300
0.0278553200 0.0031923700
0.0278448800 0.0031839400
0.0278344400 0.0031755200
0.0278240100 0.0031671300
0.0278135700 0.0031587700
0.0278031400 0.0031504100
0.0277927000 0.0031420800
0.0277822600 0.0031337700
0.0277718300 0.0031254900
0.0277613900 0.0031172200
0.0277509500 0.0031089800
0.0277405200 0.0031007500
0.0277300800 0.0030925500
0.0277196400 0.0030843700
0.0277092100 0.0030762100
0.0276987700 0.0030680700
0.0276883400 0.0030599500
0.0276779000 0.0030518500
0.0276674600 0.0030437800
0.0276570300 0.0030357200
0.0276465900 0.0030276900
0.0276361500 0.0030196800
0.0276257200 0.0030116800
0.0276152800 0.0030037100
0.0276048500 0.0029957600
0.0275944100 0.0029878400
0.0275839700 0.0029799300
0.0275735400 0.0029720400
0.0275631000 0.0029641800
0.0275526600 0.0029563400
0.0275422300 0.0029485200
0.0275317900 0.0029407100
0.0275213500 0.0029329300
0.0275109200 0.0029251700
0.0275004800 0.0029174300
0.0274900500 0.0029097200
0.0274796100 0.0029020200
0.0274691700 0.0028943500
0.0274587400 0.0028866900
0.0274483000 0.0028790600
0.0274378600 0.0028714500
0.0274274300 0.0028638600
0.0274169900 0.0028562900
0.0274065500 0.0028487400
0.0273961200 0.0028412200
0.0273856800 0.0028337100
0.0273752500 0.0028262300
0.0273648100 0.0028187600
0.0273543700 0.0028113200
0.0273439400 0.0028039000
0.0273335000 0.0027965000
0.0273230600 0.0027891200
0.0273126300 0.0027817600
0.0273021900 0.0027744200
0.0272917500 0.0027671000
0.0272813200 0.0027598100
0.0272708800 0.0027525300
0.0272604500 0.0027452800
0.0272500100 0.0027380500
0.0272395700 0.0027308300
0.0272291400 0.0027236400
0.0272187000 0.0027164700
0.0272082600 0.0027093200
0.0271978300 0.0027021900
0.0271873900 0.0026950800
0.0271769500 0.0026879900
0.0271665200 0.0026809200
0.0271560800 0.0026738700
0.0271456500 0.0026668400
0.0271352100 0.0026598400
0.0271247700 0.0026528500
0.0271143400 0.0026458900
0.0271039000 0.0026389400
0.0270934600 0.0026320200
0.0270830300 0.0026251100
0.0270725900 0.0026182300
0.0270621500 0.0026113700
0.0270517200 0.0026045300
0.0270412800 0.0025977100
0.0270308500 0.0025909100
0.0270204100 0.0025841300
0.0270099700 0.0025773700
0.0269995400 0.0025706300
0.0269891000 0.0025639100
0.0269786600 0.0025572100
0.0269682300 0.0025505400
0.0269577900 0.0025438800
0.0269473500 0.0025372500
0.0269369200 0.0025306300
0.0269264800 0.0025240400
0.0269160500 0.0025174600
0.0269056100 0.0025109100
0.0268951700 0.0025043700
0.0268847400 0.0024978600
0.0268743000 0.0024913600
0.0268638600 0.0024848800
0.0268534300 0.0024784300
0.0268429900 0.0024719900
0.0268325600 0.0024655700
0.0268221200 0.0024591800
0.0268116800 0.0024528000
0.0268012500 0.0024464400
0.0267908100 0.0024401100
0.0267803700 0.0024337900
0.0267699400 0.0024274900
0.0267595000 0.0024212100
0.0267490600 0.0024149500
0.0267386300 0.0024087200
0.0267281900 0.0024025000
0.0267177600 0.0023963000
0.0267073200 0.0023901200
0.0266968800 0.0023839600
0.0266864500 0.0023778200
0.0266760100 0.0023717100
0.0266655700 0.0023656000
0.0266551400 0.0023595200
0.0266447000 0.0023534700
0.0266342600 0.0023474300
0.0266238300 0.0023414000
0.0266133900 0.0023354000
0.0266029600 0.0023294200
0.0265925200 0.0023234600
0.0265820800 0.0023175200
0.0265716500 0.0023116000
0.0265612100 0.0023056900
0.0265507700 0.0022998100
0.0265403400 0.0022939500
0.0265299000 0.0022881100
0.0265194600 0.0022822900
0.0265090300 0.0022764900
0.0264985900 0.0022707000
0.0264881600 0.0022649400
0.0264777200 0.0022591900
0.0264672800 0.0022534700
0.0264568500 0.0022477700
0.0264464100 0.0022420800
0.0264359700 0.0022364200
0.0264255400 0.0022307800
0.0264151000 0.0022251500
0.0264046600 0.0022195500
0.0263942300 0.0022139600
0.0263837900 0.0022084000
0.0263733600 0.0022028500
0.0263629200 0.0021973300
0.0263524800 0.0021918200
0.0263420500 0.0021863400
0.0263316100 0.0021808700
0.0263211700 0.0021754300
0.0263107400 0.0021700000
0.0263003000 0.0021646000
0.0262898600 0.0021592100
0.0262794300 0.0021538400
0.0262689900 0.0021484900
0.0262585600 0.0021431700
0.0262481200 0.0021378600
0.0262376800 0.0021325700
0.0262272500 0.0021273100
0.0262168100 0.0021220600
0.0262063700 0.0021168300
0.0261959400 0.0021116200
0.0261855000 0.0021064300
0.0261750600 0.0021012700
0.0261646300 0.0020961200
0.0261541900 0.0020909900
0.0261437600 0.0020858800
0.0261333200 0.0020807900
0.0261228800 0.0020757200
0.0261124500 0.0020706700
0.0261020100 0.0020656400
0.0260915700 0.0020606300
0.0260811400 0.0020556400
0.0260707000 0.0020506700
0.0260602700 0.0020457200
0.0260498300 0.0020407900
0.0260393900 0.0020358800
0.0260289600 0.0020309900
0.0260185200 0.0020261200
0.0260080800 0.0020212700
0.0259976500 0.0020164400
0.0259872100 0.0020116300
0.0259767700 0.0020068300
0.0259663400 0.0020020600
0.0259559000 0.0019973100
0.0259454700 0.0019925800
0.0259350300 0.0019878600
0.0259245900 0.0019831700
0.0259141600 0.0019785000
0.0259037200 0.0019738400
0.0258932800 0.0019692100
0.0258828500 0.0019645900
0.0258724100 0.0019600000
0.0258619700 0.0019554300
0.0258515400 0.0019508700
0.0258411000 0.0019463400
0.0258306700 0.0019418200
0.0258202300 0.0019373300
0.0258097900 0.0019328500
0.0257993600 0.0019284000
0.0257889200 0.0019239600
0.0257784800 0.0019195500
0.0257680500 0.0019151500
0.0257576100 0.0019107800
0.0257471700 0.0019064200
0.0257367400 0.0019020800
0.0257263000 0.0018977700
0.0257158700 0.0018934700
0.0257054300 0.0018891900
0.0256949900 0.0018849300
0.0256845600 0.0018806800
0.0256741200 0.0018764400
0.0256636800 0.0018722200
0.0256532500 0.0018680000
0.0256428100 0.0018638000
0.0256323700 0.0018596100
0.0256219400 0.0018554300
0.0256115000 0.0018512600
0.0256010700 0.0018471000
0.0255906300 0.0018429600
0.0255801900 0.0018388300
0.0255697600 0.0018347100
0.0255593200 0.0018306000
0.0255488800 0.0018265000
0.0255384500 0.0018224200
0.0255280100 0.0018183500
0.0255175700 0.0018142900
0.0255071400 0.0018102400
0.0254967000 0.0018062000
0.0254862700 0.0018021800
0.0254758300 0.0017981700
0.0254653900 0.0017941700
0.0254549600 0.0017901800
0.0254445200 0.0017862000
0.0254340800 0.0017822400
0.0254236500 0.0017782800
0.0254132100 0.0017743400
0.0254027700 0.0017704100
0.0253923400 0.0017665000
0.0253819000 0.0017625900
0.0253714700 0.0017587000
0.0253610300 0.0017548200
0.0253505900 0.0017509500
0.0253401600 0.0017470900
0.0253297200 0.0017432400
0.0253192800 0.0017394100
0.0253088500 0.0017355900
0.0252984100 0.0017317800
0.0252879700 0.0017279800
0.0252775400 0.0017241900
0.0252671000 0.0017204200
0.0252566700 0.0017166600
0.0252462300 0.0017129100
0.0252357900 0.0017091700
0.0252253600 0.0017054400
0.0252149200 0.0017017300
0.0252044800 0.0016980200
0.0251940500 0.0016943400
0.0251836100 0.0016906600
0.0251731800 0.0016869900
0.0251627400 0.0016833300
0.0251523000 0.0016796900
0.0251418700 0.0016760600
0.0251314300 0.0016724400
0.0251209900 0.0016688300
0.0251105600 0.0016652400
0.0251001200 0.0016616500
0.0250896800 0.0016580800
0.0250792500 0.0016545200
0.0250688100 0.0016509800
0.0250583800 0.0016474400
0.0250479400 0.0016439200
0.0250375000 0.0016404000
0.0250270700 0.0016369000
0.0250166300 0.0016334200
0.0250061900 0.0016299400
0.0249957600 0.0016264800
0.0249853200 0.0016230200
0.0249748800 0.0016195800
0.0249644500 0.0016161600
0.0249540100 0.0016127400
0.0249435800 0.0016093300
0.0249331400 0.0016059400
0.0249227000 0.0016025600
0.0249122700 0.0015991900
0.0249018300 0.0015958300
0.0248913900 0.0015924900
0.0248809600 0.0015891600
0.0248705200 0.0015858300
0.0248600800 0.0015825300
0.0248496500 0.0015792300
0.0248392100 0.0015759400
0.0248287800 0.0015726700
0.0248183400 0.0015694100
0.0248079000 0.0015661600
0.0247974700 0.0015629200
0.0247870300 0.0015597000
0.0247765900 0.0015564800
0.0247661600 0.0015532800
0.0247557200 0.0015500900
0.0247452800 0.0015469100
0.0247348500 0.0015437400
0.0247244100 0.0015405900
0.0247139800 0.0015374500
0.0247035400 0.0015343200
0.0246931000 0.0015312000
0.0246826700 0.0015280900
0.0246722300 0.0015250000
0.0246617900 0.0015219100
0.0246513600 0.0015188400
0.0246409200 0.0015157800
0.0246304800 0.0015127300
0.0246200500 0.0015096900
0.0246096100 0.0015066600
0.0245991800 0.0015036400
0.0245887400 0.0015006300
0.0245783000 0.0014976300
0.0245678700 0.0014946300
0.0245574300 0.0014916500
0.0245469900 0.0014886600
0.0245365600 0.0014856900
0.0245261200 0.0014827200
0.0245156800 0.0014797600
0.0245052500 0.0014768000
0.0244948100 0.0014738500
0.0244843800 0.0014709100
0.0244739400 0.0014679700
0.0244635000 0.0014650400
0.0244530700 0.0014621200
0.0244426300 0.0014592000
0.0244321900 0.0014562900
0.0244217600 0.0014533800
0.0244113200 0.0014504900
0.0244008900 0.0014476000
0.0243904500 0.0014447100
0.0243800100 0.0014418300
0.0243695800 0.0014389600
0.0243591400 0.0014361000
0.0243487000 0.0014332400
0.0243382700 0.0014303900
0.0243278300 0.0014275400
0.0243173900 0.0014247000
0.0243069600 0.0014218700
0.0242965200 0.0014190500
0.0242860900 0.0014162300
0.0242756500 0.0014134100
0.0242652100 0.0014106100
0.0242547800 0.0014078100
0.0242443400 0.0014050200
0.0242339000 0.0014022300
0.0242234700 0.0013994500
0.0242130300 0.0013966800
0.0242025900 0.0013939100
0.0241921600 0.0013911500
0.0241817200 0.0013884000
0.0241712900 0.0013856500
0.0241608500 0.0013829100
0.0241504100 0.0013801700
0.0241399800 0.0013774500
0.0241295400 0.0013747200
0.0241191000 0.0013720100
0.0241086700 0.0013693000
0.0240982300 0.0013666000
0.0240877900 0.0013639000
0.0240773600 0.0013612200
0.0240669200 0.0013585300
0.0240564900 0.0013558600
0.0240460500 0.0013531900
0.0240356100 0.0013505300
0.0240251800 0.0013478700
0.0240147400 0.0013452200
0.0240043000 0.0013425800
0.0239938700 0.0013399400
0.0239834300 0.0013373100
0.0239729900 0.0013346900
0.0239625600 0.0013320700
0.0239521200 0.0013294600
0.0239416900 0.0013268600
0.0239312500 0.0013242600
0.0239208100 0.0013216700
0.0239103800 0.0013190900
0.0238999400 0.0013165100
0.0238895000 0.0013139400
0.0238790700 0.0013113700
0.0238686300 0.0013088200
0.0238581900 0.0013062600
0.0238477600 0.0013037200
0.0238373200 0.0013011800
0.0238268900 0.0012986500
0.0238164500 0.0012961200
0.0238060100 0.0012936000
0.0237955800 0.0012910900
0.0237851400 0.0012885900
0.0237747000 0.0012860900
0.0237642700 0.0012835900
0.0237538300 0.0012811100
0.0237433900 0.0012786300
0.0237329600 0.0012761600
0.0237225200 0.0012736900
0.0237120900 0.0012712300
0.0237016500 0.0012687800
0.0236912100 0.0012663300
0.0236807800 0.0012638900
0.0236703400 0.0012614500
0.0236599000 0.0012590300
0.0236494700 0.0012566100
0.0236390300 0.0012541900
0.0236286000 0.0012517900
0.0236181600 0.0012493900
0.0236077200 0.0012469900
0.0235972900 0.0012446000
0.0235868500 0.0012422200
0.0235764100 0.0012398500
0.0235659800 0.0012374900
0.0235555400 0.0012351200
0.0235451000 0.0012327700
0.0235346700 0.0012304300
0.0235242300 0.0012280900
0.0235138000 0.0012257500
0.0235033600 0.0012234300
0.0234929200 0.0012211100
0.0234824900 0.0012188000
0.0234720500 0.0012164900
0.0234616100 0.0012142000
0.0234511800 0.0012119100
0.0234407400 0.0012096300
0.0234303000 0.0012073500
0.0234198700 0.0012050800
0.0234094300 0.0012028200
0.0233990000 0.0012005600
0.0233885600 0.0011983100
0.0233781200 0.0011960600
0.0233676900 0.0011938300
0.0233572500 0.0011915900
0.0233468100 0.0011893700
0.0233363800 0.0011871500
0.0233259400 0.0011849400
0.0233155000 0.0011827300
0.0233050700 0.0011805300
0.0232946300 0.0011783400
0.0232842000 0.0011761500
0.0232737600 0.0011739700
0.0232633200 0.0011717900
0.0232528900 0.0011696200
0.0232424500 0.0011674600
0.0232320100 0.0011653000
0.0232215800 0.0011631500
0.0232111400 0.0011610000
0.0232007000 0.0011588600
0.0231902700 0.0011567300
0.0231798300 0.0011546100
0.0231694000 0.0011524900
0.0231589600 0.0011503700
0.0231485200 0.0011482600
0.0231380900 0.0011461700
0.0231276500 0.0011440700
0.0231172100 0.0011419800
0.0231067800 0.0011399000
0.0230963400 0.0011378200
0.0230859000 0.0011357500
0.0230754700 0.0011336900
0.0230650300 0.0011316300
0.0230546000 0.0011295800
0.0230441600 0.0011275400
0.0230337200 0.0011255000
0.0230232900 0.0011234600
0.0230128500 0.0011214400
0.0230024100 0.0011194100
0.0229919800 0.0011174000
0.0229815400 0.0011153900
0.0229711100 0.0011133900
0.0229606700 0.0011113900
0.0229502300 0.0011094000
0.0229398000 0.0011074200
0.0229293600 0.0011054400
0.0229189200 0.0011034700
0.0229084900 0.0011015000
0.0228980500 0.0010995500
0.0228876100 0.0010975900
0.0228771800 0.0010956500
0.0228667400 0.0010937100
0.0228563100 0.0010917700
0.0228458700 0.0010898500
0.0228354300 0.0010879300
0.0228250000 0.0010860100
0.0228145600 0.0010841000
0.0228041200 0.0010822000
0.0227936900 0.0010803000
0.0227832500 0.0010784100
0.0227728100 0.0010765300
0.0227623800 0.0010746500
0.0227519400 0.0010727800
0.0227415100 0.0010709100
0.0227310700 0.0010690500
0.0227206300 0.0010672000
0.0227102000 0.0010653500
0.0226997600 0.0010635100
0.0226893200 0.0010616800
0.0226788900 0.0010598500
0.0226684500 0.0010580300
0.0226580100 0.0010562100
0.0226475800 0.0010544000
0.0226371400 0.0010526000
0.0226267100 0.0010508000
0.0226162700 0.0010490100
0.0226058300 0.0010472300
0.0225954000 0.0010454500
0.0225849600 0.0010436800
0.0225745200 0.0010419100
0.0225640900 0.0010401500
0.0225536500 0.0010384000
0.0225432100 0.0010366500
0.0225327800 0.0010349100
0.0225223400 0.0010331700
0.0225119100 0.0010314400
0.0225014700 0.0010297200
0.0224910300 0.0010280000
0.0224806000 0.0010262900
0.0224701600 0.0010245900
0.0224597200 0.0010228900
0.0224492900 0.0010212000
0.0224388500 0.0010195100
0.0224284100 0.0010178300
0.0224179800 0.0010161600
0.0224075400 0.0010144900
0.0223971100 0.0010128300
0.0223866700 0.0010111800
0.0223762300 0.0010095300
0.0223658000 0.0010078900
0.0223553600 0.0010062500
0.0223449200 0.0010046200
0.0223344900 0.0010030000
0.0223240500 0.0010013800
0.0223136100 0.0009997700
0.0223031800 0.0009981700
0.0222927400 0.0009965700
0.0222823100 0.0009949800
0.0222718700 0.0009933900
0.0222614300 0.0009918100
0.0222510000 0.0009902400
0.0222405600 0.0009886700
0.0222301200 0.0009871000
0.0222196900 0.0009855400
0.0222092500 0.0009839800
0.0221988200 0.0009824300
0.0221883800 0.0009808900
0.0221779400 0.0009793400
0.0221675100 0.0009778000
0.0221570700 0.0009762700
0.0221466300 0.0009747400
0.0221362000 0.0009732200
0.0221257600 0.0009717000
0.0221153200 0.0009701800
0.0221048900 0.0009686800
0.0220944500 0.0009671700
0.0220840200 0.0009656700
0.0220735800 0.0009641800
0.0220631400 0.0009626900
0.0220527100 0.0009612000
0.0220422700 0.0009597200
0.0220318300 0.0009582500
0.0220214000 0.0009567700
0.0220109600 0.0009553100
0.0220005200 0.0009538500
0.0219900900 0.0009523800
0.0219796500 0.0009509300
0.0219692200 0.0009494800
0.0219587800 0.0009480400
0.0219483400 0.0009466000
0.0219379100 0.0009451600
0.0219274700 0.0009437300
0.0219170300 0.0009423100
0.0219066000 0.0009408900
0.0218961600 0.0009394700
0.0218857200 0.0009380600
0.0218752900 0.0009366400
0.0218648500 0.0009352200
0.0218544200 0.0009338100
0.0218439800 0.0009324100
0.0218335400 0.0009310000
0.0218231100 0.0009296000
0.0218126700 0.0009282000
0.0218022300 0.0009268000
0.0217918000 0.0009254000
0.0217813600 0.0009240100
0.0217709200 0.0009226100
0.0217604900 0.0009212200
0.0217500500 0.0009198300
0.0217396200 0.0009184500
0.0217291800 0.0009170600
0.0217187400 0.0009156800
0.0217083100 0.0009143000
0.0216978700 0.0009129200
0.0216874300 0.0009115500
0.0216770000 0.0009101700
0.0216665600 0.0009088000
0.0216561200 0.0009074300
0.0216456900 0.0009060600
0.0216352500 0.0009047000
0.0216248200 0.0009033300
0.0216143800 0.0009019700
0.0216039400 0.0009006100
0.0215935100 0.0008992600
0.0215830700 0.0008979000
0.0215726300 0.0008965500
0.0215622000 0.0008952000
0.0215517600 0.0008938500
0.0215413200 0.0008925000
0.0215308900 0.0008911600
0.0215204500 0.0008898100
0.0215100200 0.0008884700
0.0214995800 0.0008871400
0.0214891400 0.0008858000
0.0214787100 0.0008844700
0.0214682700 0.0008831400
0.0214578300 0.0008818000
0.0214474000 0.0008804800
0.0214369600 0.0008791500
0.0214265200 0.0008778300
0.0214160900 0.0008765100
0.0214056500 0.0008751900
0.0213952200 0.0008738700
0.0213847800 0.0008725600
0.0213743400 0.0008712500
0.0213639100 0.0008699400
0.0213534700 0.0008686300
0.0213430300 0.0008673300
0.0213326000 0.0008660300
0.0213221600 0.0008647300
0.0213117300 0.0008634300
0.0213012900 0.0008621300
0.0212908500 0.0008608400
0.0212804200 0.0008595500
0.0212699800 0.0008582600
0.0212595400 0.0008569700
0.0212491100 0.0008556900
0.0212386700 0.0008544100
0.0212282300 0.0008531200
0.0212178000 0.0008518400
0.0212073600 0.0008505700
0.0211969300 0.0008493000
0.0211864900 0.0008480200
0.0211760500 0.0008467600
0.0211656200 0.0008454900
0.0211551800 0.0008442200
0.0211447400 0.0008429600
0.0211343100 0.0008417000
0.0211238700 0.0008404400
0.0211134300 0.0008391800
0.0211030000 0.0008379300
0.0210925600 0.0008366700
0.0210821300 0.0008354200
0.0210716900 0.0008341700
0.0210612500 0.0008329300
0.0210508200 0.0008316800
0.0210403800 0.0008304400
0.0210299400 0.0008292000
0.0210195100 0.0008279600
0.0210090700 0.0008267200
0.0209986300 0.0008254800
0.0209882000 0.0008242500
0.0209777600 0.0008230200
0.0209673300 0.0008217900
0.0209568900 0.0008205600
0.0209464500 0.0008193300
0.0209360200 0.0008181100
0.0209255800 0.0008168900
0.0209151400 0.0008156600
0.0209047100 0.0008144500
0.0208942700 0.0008132300
0.0208838300 0.0008120200
0.0208734000 0.0008108000
0.0208629600 0.0008095900
0.0208525300 0.0008083800
0.0208420900 0.0008071800
0.0208316500 0.0008059700
0.0208212200 0.0008047700
0.0208107800 0.0008035700
0.0208003400 0.0008023700
0.0207899100 0.0008011700
0.0207794700 0.0007999800
0.0207690300 0.0007987800
0.0207586000 0.0007975900
0.0207481600 0.0007964000
0.0207377300 0.0007952200
0.0207272900 0.0007940300
0.0207168500 0.0007928500
0.0207064200 0.0007916700
0.0206959800 0.0007904900
0.0206855400 0.0007893100
0.0206751100 0.0007881300
0.0206646700 0.0007869600
0.0206542300 0.0007857900
0.0206438000 0.0007846200
0.0206333600 0.0007834500
0.0206229300 0.0007822800
0.0206124900 0.0007811200
0.0206020500 0.0007799600
0.0205916200 0.0007788000
0.0205811800 0.0007776400
0.0205707400 0.0007764800
0.0205603100 0.0007753300
0.0205498700 0.0007741800
0.0205394300 0.0007730300
0.0205290000 0.0007718800
0.0205185600 0.0007707300
0.0205081300 0.0007695900
0.0204976900 0.0007684500
0.0204872500 0.0007673000
0.0204768200 0.0007661700
0.0204663800 0.0007650300
0.0204559400 0.0007639000
0.0204455100 0.0007627600
0.0204350700 0.0007616300
0.0204246400 0.0007605000
0.0204142000 0.0007593800
0.0204037600 0.0007582500
0.0203933300 0.0007571300
0.0203828900 0.0007560100
0.0203724500 0.0007548900
0.0203620200 0.0007537700
0.0203515800 0.0007526500
0.0203411400 0.0007515400
0.0203307100 0.0007504300
0.0203202700 0.0007493200
0.0203098400 0.0007482100
0.0202994000 0.0007471100
0.0202889600 0.0007460000
0.0202785300 0.0007449000
0.0202680900 0.0007438000
0.0202576500 0.0007427000
0.0202472200 0.0007416100
0.0202367800 0.0007405100
0.0202263400 0.0007394200
0.0202159100 0.0007383300
0.0202054700 0.0007372400
0.0201950400 0.0007361600
0.0201846000 0.0007350700
0.0201741600 0.0007339900
0.0201637300 0.0007329100
0.0201532900 0.0007318300
0.0201428500 0.0007307500
0.0201324200 0.0007296800
0.0201219800 0.0007286100
0.0201115400 0.0007275400
0.0201011100 0.0007264700
0.0200906700 0.0007254000
0.0200802400 0.0007243400
0.0200698000 0.0007232700
0.0200593600 0.0007222100
0.0200489300 0.0007211500
0.0200384900 0.0007201000
0.0200280500 0.0007190400
0.0200176200 0.0007179900
0.0200071800 0.0007169400
0.0199967400 0.0007158900
0.0199863100 0.0007148400
0.0199758700 0.0007137900
0.0199654400 0.0007127500
0.0199550000 0.0007117100
0.0199445600 0.0007106700
0.0199341300 0.0007096300
0.0199236900 0.0007085900
0.0199132500 0.0007075600
0.0199028200 0.0007065300
0.0198923800 0.0007055000
0.0198819400 0.0007044700
0.0198715100 0.0007034500
0.0198610700 0.0007024200
0.0198506400 0.0007014000
0.0198402000 0.0007003800
0.0198297600 0.0006993600
0.0198193300 0.0006983400
0.0198088900 0.0006973300
0.0197984500 0.0006963200
0.0197880200 0.0006953100
0.0197775800 0.0006943000
0.0197671400 0.0006932900
0.0197567100 0.0006922900
0.0197462700 0.0006912900
0.0197358400 0.0006902900
0.0197254000 0.0006892900
0.0197149600 0.0006882900
0.0197045300 0.0006872900
0.0196940900 0.0006863000
0.0196836500 0.0006853100
0.0196732200 0.0006843200
0.0196627800 0.0006833300
0.0196523400 0.0006823500
0.0196419100 0.0006813700
0.0196314700 0.0006803800
0.0196210400 0.0006794100
0.0196106000 0.0006784300
0.0196001600 0.0006774500
0.0195897300 0.0006764800
0.0195792900 0.0006755100
0.0195688500 0.0006745400
0.0195584200 0.0006735700
0.0195479800 0.0006726100
0.0195375500 0.0006716400
0.0195271100 0.0006706800
0.0195166700 0.0006697200
0.0195062400 0.0006687700
0.0194958000 0.0006678100
0.0194853600 0.0006668600
0.0194749300 0.0006659100
0.0194644900 0.0006649600
0.0194540500 0.0006640100
0.0194436200 0.0006630600
0.0194331800 0.0006621200
0.0194227500 0.0006611800
0.0194123100 0.0006602400
0.0194018700 0.0006593000
0.0193914400 0.0006583700
0.0193810000 0.0006574400
0.0193705600 0.0006565100
0.0193601300 0.0006555800
0.0193496900 0.0006546500
0.0193392500 0.0006537300
0.0193288200 0.0006528000
0.0193183800 0.0006518800
0.0193079500 0.0006509600
0.0192975100 0.0006500500
0.0192870700 0.0006491300
0.0192766400 0.0006482200
0.0192662000 0.0006473100
0.0192557600 0.0006464000
0.0192453300 0.0006454900
0.0192348900 0.0006445900
0.0192244500 0.0006436900
0.0192140200 0.0006427900
0.0192035800 0.0006418900
0.0191931500 0.0006409900
0.0191827100 0.0006401000
0.0191722700 0.0006392000
0.0191618400 0.0006383100
0.0191514000 0.0006374300
0.0191409600 0.0006365400
0.0191305300 0.0006356600
0.0191200900 0.0006347700
0.0191096500 0.0006338900
0.0190992200 0.0006330200
0.0190887800 0.0006321400
0.0190783500 0.0006312700
0.0190679100 0.0006303900
0.0190574700 0.0006295200
0.0190470400 0.0006286600
0.0190366000 0.0006277900
0.0190261600 0.0006269300
0.0190157300 0.0006260600
0.0190052900 0.0006252000
0.0189948500 0.0006243500
0.0189844200 0.0006234900
0.0189739800 0.0006226400
0.0189635500 0.0006217900
0.0189531100 0.0006209400
0.0189426700 0.0006200900
0.0189322400 0.0006192400
0.0189218000 0.0006184000
0.0189113600 0.0006175600
0.0189009300 0.0006167200
0.0188904900 0.0006158800
0.0188800600 0.0006150500
0.0188696200 0.0006142100
0.0188591800 0.0006133800
0.0188487500 0.0006125500
0.0188383100 0.0006117200
0.0188278700 0.0006109000
0.0188174400 0.0006100800
0.0188070000 0.0006092500
0.0187965600 0.0006084300
0.0187861300 0.0006076200
0.0187756900 0.0006068000
0.0187652600 0.0006059900
0.0187548200 0.0006051800
0.0187443800 0.0006043700
0.0187339500 0.0006035600
0.0187235100 0.0006027600
0.0187130700 0.0006019500
0.0187026400 0.0006011500
0.0186922000 0.0006003500
0.0186817600 0.0005995600
0.0186713300 0.0005987600
0.0186608900 0.0005979700
0.0186504600 0.0005971800
0.0186400200 0.0005963900
0.0186295800 0.0005956000
0.0186191500 0.0005948200
0.0186087100 0.0005940400
0.0185982700 0.0005932500
0.0185878400 0.0005924800
0.0185774000 0.0005917000
0.0185669600 0.0005909200
0.0185565300 0.0005901500
0.0185460900 0.0005893800
0.0185356600 0.0005886100
0.0185252200 0.0005878500
0.0185147800 0.0005870800
0.0185043500 0.0005863200
0.0184939100 0.0005855600
0.0184834700 0.0005848000
0.0184730400 0.0005840400
0.0184626000 0.0005832900
0.0184521600 0.0005825400
0.0184417300 0.0005817900
0.0184312900 0.0005810400
0.0184208600 0.0005802900
0.0184104200 0.0005795500
0.0183999800 0.0005788100
0.0183895500 0.0005780700
0.0183791100 0.0005773300
0.0183686700 0.0005765900
0.0183582400 0.0005758600
0.0183478000 0.0005751300
0.0183373600 0.0005744000
0.0183269300 0.0005736700
0.0183164900 0.0005729400
0.0183060600 0.0005722200
0.0182956200 0.0005715000
0.0182851800 0.0005707800
0.0182747500 0.0005700600
0.0182643100 0.0005693500
0.0182538700 0.0005686300
0.0182434400 0.0005679200
0.0182330000 0.0005672100
0.0182225600 0.0005665000
0.0182121300 0.0005658000
0.0182016900 0.0005650900
0.0181912600 0.0005643900
0.0181808200 0.0005636900
0.0181703800 0.0005630000
0.0181599500 0.0005623000
0.0181495100 0.0005616100
0.0181390700 0.0005609200
0.0181286400 0.0005602300
0.0181182000 0.0005595400
0.0181077600 0.0005588500
0.0180973300 0.0005581700
0.0180868900 0.0005574900
0.0180764600 0.0005568100
0.0180660200 0.0005561300
0.0180555800 0.0005554600
0.0180451500 0.0005547800
0.0180347100 0.0005541100
0.0180242700 0.0005534400
0.0180138400 0.0005527700
0.0180034000 0.0005521100
0.0179929700 0.0005514500
0.0179825300 0.0005507800
0.0179720900 0.0005501200
0.0179616600 0.0005494700
0.0179512200 0.0005488100
0.0179407800 0.0005481600
0.0179303500 0.0005475100
0.0179199100 0.0005468600
0.0179094700 0.0005462100
0.0178990400 0.0005455600
0.0178886000 0.0005449200
0.0178781700 0.0005442800
0.0178677300 0.0005436400
0.0178572900 0.0005430000
0.0178468600 0.0005423600
0.0178364200 0.0005417300
0.0178259800 0.0005410900
0.0178155500 0.0005404600
0.0178051100 0.0005398300
0.0177946700 0.0005392000
0.0177842400 0.0005385700
0.0177738000 0.0005379400
0.0177633700 0.0005373200
0.0177529300 0.0005367000
0.0177424900 0.0005360700
0.0177320600 0.0005354500
0.0177216200 0.0005348300
0.0177111800 0.0005342200
0.0177007500 0.0005336000
0.0176903100 0.0005329900
0.0176798700 0.0005323700
0.0176694400 0.0005317600
0.0176590000 0.0005311500
0.0176485700 0.0005305400
0.0176381300 0.0005299400
0.0176276900 0.0005293300
0.0176172600 0.0005287300
0.0176068200 0.0005281200
0.0175963800 0.0005275200
0.0175859500 0.0005269200
0.0175755100 0.0005263200
0.0175650700 0.0005257300
0.0175546400 0.0005251300
0.0175442000 0.0005245400
0.0175337700 0.0005239500
0.0175233300 0.0005233600
0.0175128900 0.0005227700
0.0175024600 0.0005221800
0.0174920200 0.0005215900
0.0174815800 0.0005210100
0.0174711500 0.0005204300
0.0174607100 0.0005198400
0.0174502700 0.0005192600
0.0174398400 0.0005186800
0.0174294000 0.0005181100
0.0174189700 0.0005175300
0.0174085300 0.0005169500
0.0173980900 0.0005163800
0.0173876600 0.0005158100
0.0173772200 0.0005152400
0.0173667800 0.0005146700
0.0173563500 0.0005141000
0.0173459100 0.0005135400
0.0173354700 0.0005129700
0.0173250400 0.0005124100
0.0173146000 0.0005118400
0.0173041700 0.0005112800
0.0172937300 0.0005107200
0.0172832900 0.0005101700
0.0172728600 0.0005096100
0.0172624200 0.0005090600
0.0172519800 0.0005085000
0.0172415500 0.0005079500
0.0172311100 0.0005074000
0.0172206700 0.0005068500
0.0172102400 0.0005063000
0.0171998000 0.0005057500
0.0171893700 0.0005052100
0.0171789300 0.0005046600
0.0171684900 0.0005041200
0.0171580600 0.0005035800
0.0171476200 0.0005030400
0.0171371800 0.0005025000
0.0171267500 0.0005019600
0.0171163100 0.0005014300
0.0171058800 0.0005008900
0.0170954400 0.0005003600
0.0170850000 0.0004998300
0.0170745700 0.0004993000
0.0170641300 0.0004987700
0.0170536900 0.0004982400
0.0170432600 0.0004977200
0.0170328200 0.0004971900
0.0170223800 0.0004966700
0.0170119500 0.0004961500
0.0170015100 0.0004956300
0.0169910800 0.0004951100
0.0169806400 0.0004945900
0.0169702000 0.0004940800
0.0169597700 0.0004935600
0.0169493300 0.0004930500
0.0169388900 0.0004925300
0.0169284600 0.0004920200
0.0169180200 0.0004915100
0.0169075800 0.0004910100
0.0168971500 0.0004905000
0.0168867100 0.0004900000
0.0168762800 0.0004894900
0.0168658400 0.0004889900
0.0168554000 0.0004884900
0.0168449700 0.0004879900
0.0168345300 0.0004874900
0.0168240900 0.0004869900
0.0168136600 0.0004865000
0.0168032200 0.0004860000
0.0167927800 0.0004855100
0.0167823500 0.0004850200
0.0167719100 0.0004845300
0.0167614800 0.0004840400
0.0167510400 0.0004835600
0.0167406000 0.0004830700
0.0167301700 0.0004825900
0.0167197300 0.0004821000
0.0167092900 0.0004816200
0.0166988600 0.0004811400
0.0166884200 0.0004806600
0.0166779900 0.0004801800
0.0166675500 0.0004797100
0.0166571100 0.0004792300
0.0166466800 0.0004787600
0.0166362400 0.0004782900
0.0166258000 0.0004778200
0.0166153700 0.0004773500
0.0166049300 0.0004768800
0.0165944900 0.0004764200
0.0165840600 0.0004759500
0.0165736200 0.0004754900
0.0165631900 0.0004750300
0.0165527500 0.0004745700
0.0165423100 0.0004741100
0.0165318800 0.0004736500
0.0165214400 0.0004731900
0.0165110000 0.0004727400
0.0165005700 0.0004722800
0.0164901300 0.0004718300
0.0164797000 0.0004713800
0.0164692600 0.0004709300
0.0164588200 0.0004704800
0.0164483900 0.0004700400
0.0164379500 0.0004695900
0.0164275100 0.0004691500
0.0164170800 0.0004687100
0.0164066400 0.0004682600
0.0163962000 0.0004678300
0.0163857700 0.0004673900
0.0163753300 0.0004669500
0.0163649000 0.0004665100
0.0163544600 0.0004660800
0.0163440200 0.0004656500
0.0163335900 0.0004652200
0.0163231500 0.0004647900
0.0163127100 0.0004643600
0.0163022800 0.0004639300
0.0162918400 0.0004635100
0.0162814000 0.0004630700
0.0162709700 0.0004626500
0.0162605300 0.0004622300
0.0162500900 0.0004618100
0.0162396600 0.0004613900
0.0162292200 0.0004609700
0.0162187900 0.0004605700
0.0162083500 0.0004601500
0.0161979100 0.0004597400
0.0161874800 0.0004593200
0.0161770400 0.0004589100
0.0161666000 0.0004585000
0.0161561700 0.0004580900
0.0161457300 0.0004576800
0.0161352900 0.0004572800
0.0161248600 0.0004568700
0.0161144200 0.0004564700
0.0161039900 0.0004560700
0.0160935500 0.0004556700
0.0160831100 0.0004552700
0.0160726800 0.0004548700
0.0160622400 0.0004544700
0.0160518000 0.0004540800
0.0160413700 0.0004536800
0.0160309300 0.0004532900
0.0160204900 0.0004529000
0.0160100600 0.0004525200
0.0159996200 0.0004521200
0.0159891900 0.0004517400
0.0159787500 0.0004513500
0.0159683100 0.0004509600
0.0159578800 0.0004505700
0.0159474400 0.0004501900
0.0159370000 0.0004498100
0.0159265700 0.0004494300
0.0159161300 0.0004490500
0.0159056900 0.0004486800
0.0158952600 0.0004483000
0.0158848200 0.0004479200
0.0158743900 0.0004475500
0.0158639500 0.0004471800
0.0158535100 0.0004468100
0.0158430800 0.0004464400
0.0158326400 0.0004460700
0.0158222000 0.0004457100
0.0158117700 0.0004453400
0.0158013300 0.0004449800
0.0157908900 0.0004446100
0.0157804600 0.0004442500
0.0157700200 0.0004438900
0.0157595900 0.0004435300
0.0157491500 0.0004431700
0.0157387100 0.0004428100
0.0157282800 0.0004424600
0.0157178400 0.0004421000
0.0157074000 0.0004417500
0.0156969700 0.0004413900
0.0156865300 0.0004410400
0.0156760900 0.0004406900
0.0156656600 0.0004403400
0.0156552200 0.0004399900
0.0156447900 0.0004396400
0.0156343500 0.0004393000
0.0156239100 0.0004389500
0.0156134800 0.0004386100
0.0156030400 0.0004382700
0.0155926000 0.0004379300
0.0155821700 0.0004375900
0.0155717300 0.0004372500
0.0155613000 0.0004369100
0.0155508600 0.0004365700
0.0155404200 0.0004362300
0.0155299900 0.0004359000
0.0155195500 0.0004355700
0.0155091100 0.0004352300
0.0154986800 0.0004349000
0.0154882400 0.0004345700
0.0154778000 0.0004342400
0.0154673700 0.0004339100
0.0154569300 0.0004335900
0.0154465000 0.0004332600
0.0154360600 0.0004329400
0.0154256200 0.0004326100
0.0154151900 0.0004322900
0.0154047500 0.0004319700
0.0153943100 0.0004316500
0.0153838800 0.0004313300
0.0153734400 0.0004310100
0.0153630000 0.0004307000
0.0153525700 0.0004303800
0.0153421300 0.0004300700
0.0153317000 0.0004297500
0.0153212600 0.0004294400
0.0153108200 0.0004291300
0.0153003900 0.0004288200
0.0152899500 0.0004285100
0.0152795100 0.0004282100
0.0152690800 0.0004279000
0.0152586400 0.0004276000
0.0152482000 0.0004272900
0.0152377700 0.0004269900
0.0152273300 0.0004266900
0.0152169000 0.0004263800
0.0152064600 0.0004260800
0.0151960200 0.0004257900
0.0151855900 0.0004254900
0.0151751500 0.0004251900
0.0151647100 0.0004249000
0.0151542800 0.0004246000
0.0151438400 0.0004243100
0.0151334000 0.0004240200
0.0151229700 0.0004237300
0.0151125300 0.0004234400
0.0151021000 0.0004231500
0.0150916600 0.0004228700
0.0150812200 0.0004225800
0.0150707900 0.0004223000
0.0150603500 0.0004220200
0.0150499100 0.0004217400
0.0150394800 0.0004214600
0.0150290400 0.0004211800
0.0150186100 0.0004209000
0.0150081700 0.0004206300
0.0149977300 0.0004203500
0.0149873000 0.0004200800
0.0149768600 0.0004198100
0.0149664200 0.0004195400
0.0149559900 0.0004192700
0.0149455500 0.0004190000
0.0149351100 0.0004187400
0.0149246800 0.0004184700
0.0149142400 0.0004182100
0.0149038100 0.0004179500
0.0148933700 0.0004176900
0.0148829300 0.0004174300
0.0148725000 0.0004171700
0.0148620600 0.0004169200
0.0148516200 0.0004166600
0.0148411900 0.0004164100
0.0148307500 0.0004161600
0.0148203100 0.0004159100
0.0148098800 0.0004156600
0.0147994400 0.0004154100
0.0147890100 0.0004151600
0.0147785700 0.0004149200
0.0147681300 0.0004146700
0.0147577000 0.0004144300
0.0147472600 0.0004141900
0.0147368200 0.0004139500
0.0147263900 0.0004137100
0.0147159500 0.0004134700
0.0147055100 0.0004132400
0.0146950800 0.0004130000
0.0146846400 0.0004127700
0.0146742100 0.0004125400
0.0146637700 0.0004123100
0.0146533300 0.0004120800
0.0146429000 0.0004118500
0.0146324600 0.0004116200
0.0146220200 0.0004114000
0.0146115900 0.0004111700
0.0146011500 0.0004109500
0.0145907100 0.0004107300
0.0145802800 0.0004105100
0.0145698400 0.0004102900
0.0145594100 0.0004100700
0.0145489700 0.0004098500
0.0145385300 0.0004096400
0.0145281000 0.0004094200
0.0145176600 0.0004092100
0.0145072200 0.0004090000
0.0144967900 0.0004087800
0.0144863500 0.0004085700
0.0144759100 0.0004083700
0.0144654800 0.0004081600
0.0144550400 0.0004079500
0.0144446100 0.0004077500
0.0144341700 0.0004075400
0.0144237300 0.0004073400
0.0144133000 0.0004071400
0.0144028600 0.0004069400
0.0143924200 0.0004067400
0.0143819900 0.0004065400
0.0143715500 0.0004063400
0.0143611100 0.0004061500
0.0143506800 0.0004059500
0.0143402400 0.0004057600
0.0143298100 0.0004055700
0.0143193700 0.0004053700
0.0143089300 0.0004051800
0.0142985000 0.0004049900
0.0142880600 0.0004048000
0.0142776200 0.0004046100
0.0142671900 0.0004044200
0.0142567500 0.0004042300
0.0142463100 0.0004040500
0.0142358800 0.0004038600
0.0142254400 0.0004036700
0.0142150100 0.0004034900
0.0142045700 0.0004033000
0.0141941300 0.0004031200
0.0141837000 0.0004029400
0.0141732600 0.0004027500
0.0141628200 0.0004025700
0.0141523900 0.0004023900
0.0141419500 0.0004022100
0.0141315200 0.0004020300
0.0141210800 0.0004018500
0.0141106500 0.0004016800
0.0141002100 0.0004014900
0.0140897700 0.0004013100
0.0140793300 0.0004011400
0.0140689000 0.0004009600
0.0140584600 0.0004007900
0.0140480200 0.0004006100
0.0140375900 0.0004004400
0.0140271500 0.0004002600
0.0140167100 0.0004000900
0.0140062800 0.0003999200
0.0139958400 0.0003997500
0.0139854100 0.0003995800
0.0139749700 0.0003994000
0.0139645300 0.0003992400
0.0139541000 0.0003990700
0.0139436600 0.0003989000
0.0139332200 0.0003987300
0.0139227900 0.0003985600
0.0139123500 0.0003984000
0.0139019200 0.0003982300
0.0138914800 0.0003980700
0.0138810400 0.0003979000
0.0138706100 0.0003977400
0.0138601700 0.0003975800
0.0138497300 0.0003974100
0.0138393000 0.0003972500
0.0138288600 0.0003970900
0.0138184300 0.0003969300
0.0138079900 0.0003967800
0.0137975500 0.0003966100
0.0137871200 0.0003964600
0.0137766800 0.0003963000
0.0137662400 0.0003961400
0.0137558100 0.0003959900
0.0137453700 0.0003958300
0.0137349300 0.0003956800
0.0137245000 0.0003955200
0.0137140600 0.0003953700
0.0137036300 0.0003952200
0.0136931900 0.0003950700
0.0136827500 0.0003949100
0.0136723200 0.0003947600
0.0136618800 0.0003946100
0.0136514400 0.0003944600
0.0136410100 0.0003943100
0.0136305700 0.0003941700
0.0136201300 0.0003940200
0.0136097000 0.0003938700
0.0135992600 0.0003937300
0.0135888300 0.0003935800
0.0135783900 0.0003934400
0.0135679500 0.0003932900
0.0135575200 0.0003931500
0.0135470800 0.0003930100
0.0135366400 0.0003928700
0.0135262100 0.0003927200
0.0135157700 0.0003925800
0.0135053400 0.0003924400
0.0134949000 0.0003923000
0.0134844600 0.0003921600
0.0134740300 0.0003920200
0.0134635900 0.0003918800
0.0134531500 0.0003917500
0.0134427200 0.0003916100
0.0134322800 0.0003914700
0.0134218400 0.0003913300
0.0134114100 0.0003912000
0.0134009700 0.0003910700
0.0133905400 0.0003909400
0.0133801000 0.0003908000
0.0133696600 0.0003906700
0.0133592200 0.0003905300
0.0133487900 0.0003904000
0.0133383500 0.0003902700
0.0133279200 0.0003901400
0.0133174800 0.0003900100
0.0133070400 0.0003898800
0.0132966100 0.0003897500
0.0132861700 0.0003896200
0.0132757300 0.0003894900
0.0132653000 0.0003893600
0.0132548600 0.0003892400
0.0132444200 0.0003891100
0.0132339900 0.0003889800
0.0132235500 0.0003888600
0.0132131200 0.0003887400
0.0132026800 0.0003886100
0.0131922400 0.0003884900
0.0131818100 0.0003883700
0.0131713700 0.0003882500
0.0131609300 0.0003881300
0.0131505000 0.0003880100
0.0131400600 0.0003878900
0.0131296300 0.0003877800
0.0131191900 0.0003876600
0.0131087500 0.0003875400
0.0130983200 0.0003874300
0.0130878800 0.0003873100
0.0130774400 0.0003872000
0.0130670100 0.0003870800
0.0130565700 0.0003869700
0.0130461300 0.0003868600
0.0130357000 0.0003867500
0.0130252600 0.0003866400
0.0130148300 0.0003865300
0.0130043900 0.0003864200
0.0129939500 0.0003863100
0.0129835200 0.0003862000
0.0129730800 0.0003861000
0.0129626400 0.0003859900
0.0129522100 0.0003858800
0.0129417800 0.0003857900
0.0129313500 0.0003856800
0.0129209100 0.0003855800
0.0129104700 0.0003854700
0.0129000300 0.0003853700
0.0128895900 0.0003852700
0.0128791600 0.0003851700
0.0128687200 0.0003850700
0.0128582800 0.0003849700
0.0128478500 0.0003848700
0.0128374100 0.0003847700
0.0128269800 0.0003846800
0.0128165400 0.0003845800
0.0128061100 0.0003844900
0.0127956700 0.0003843900
0.0127852400 0.0003843000
0.0127748000 0.0003842000
0.0127643700 0.0003841100
0.0127539300 0.0003840200
0.0127434900 0.0003839300
0.0127330600 0.0003838400
0.0127226200 0.0003837500
0.0127121800 0.0003836600
0.0127017400 0.0003835700
0.0126913100 0.0003834800
0.0126808800 0.0003833900
0.0126704300 0.0003833100
0.0126600000 0.0003832200
0.0126495600 0.0003831300
0.0126391300 0.0003830500
0.0126286900 0.0003829600
0.0126182500 0.0003828800
0.0126078100 0.0003828000
0.0125973800 0.0003827100
0.0125869400 0.0003826300
0.0125765000 0.0003825500
0.0125660700 0.0003824700
0.0125556300 0.0003823900
0.0125451900 0.0003823100
0.0125347600 0.0003822300
0.0125243300 0.0003821500
0.0125138800 0.0003820700
0.0125034400 0.0003819900
0.0124930100 0.0003819100
0.0124825700 0.0003818400
0.0124721300 0.0003817600
0.0124617100 0.0003816900
0.0124512600 0.0003816100
0.0124408300 0.0003815300
0.0124303900 0.0003814600
0.0124199500 0.0003813800
0.0124095200 0.0003813100
0.0123990800 0.0003812300
0.0123886400 0.0003811600
0.0123782100 0.0003810900
0.0123677700 0.0003810200
0.0123573400 0.0003809500
0.0123469000 0.0003808700
0.0123364600 0.0003808000
0.0123260300 0.0003807300
0.0123155900 0.0003806600
0.0123051600 0.0003806000
0.0122947200 0.0003805300
0.0122842800 0.0003804600
0.0122738500 0.0003803900
0.0122634100 0.0003803200
0.0122529900 0.0003802600
0.0122425400 0.0003801900
0.0122321000 0.0003801200
0.0122216600 0.0003800600
0.0122112300 0.0003799900
0.0122007900 0.0003799300
0.0121903500 0.0003798600
0.0121799200 0.0003798000
0.0121694900 0.0003797400
0.0121590500 0.0003796800
0.0121486100 0.0003796100
0.0121381800 0.0003795500
0.0121277400 0.0003794900
0.0121173100 0.0003794300
0.0121068700 0.0003793700
0.0120964300 0.0003793100
0.0120860000 0.0003792500
0.0120755600 0.0003791900
0.0120651200 0.0003791300
0.0120546900 0.0003790700
0.0120442500 0.0003790200
0.0120338100 0.0003789600
0.0120233700 0.0003789000
0.0120129400 0.0003788400
0.0120025000 0.0003787900
0.0119920600 0.0003787300
0.0119816300 0.0003786800
0.0119711900 0.0003786200
0.0119607500 0.0003785700
0.0119503200 0.0003785200
0.0119399000 0.0003784700
0.0119294500 0.0003784100
0.0119190200 0.0003783600
0.0119085700 0.0003783100
0.0118981400 0.0003782600
0.0118877000 0.0003782100
0.0118772700 0.0003781600
0.0118668300 0.0003781100
0.0118563900 0.0003780600
0.0118459600 0.0003780100
0.0118355200 0.0003779600
0.0118250800 0.0003779100
0.0118146500 0.0003778600
0.0118042100 0.0003778200
0.0117937900 0.0003777700
0.0117833400 0.0003777300
0.0117729000 0.0003776800
0.0117624600 0.0003776400
0.0117520300 0.0003775900
0.0117416000 0.0003775500
0.0117311600 0.0003775100
0.0117207200 0.0003774600
0.0117102900 0.0003774200
0.0116998500 0.0003773800
0.0116894200 0.0003773400
0.0116789800 0.0003773000
0.0116685400 0.0003772600
0.0116581100 0.0003772200
0.0116476700 0.0003771800
0.0116372400 0.0003771400
0.0116268000 0.0003771100
0.0116163600 0.0003770700
0.0116059300 0.0003770300
0.0115954900 0.0003770000
0.0115850600 0.0003769600
0.0115746200 0.0003769300
0.0115641900 0.0003768900
0.0115537500 0.0003768600
0.0115433200 0.0003768200
0.0115328800 0.0003767900
0.0115224500 0.0003767600
0.0115120100 0.0003767300
0.0115015700 0.0003767000
0.0114911400 0.0003766600
0.0114807000 0.0003766300
0.0114702600 0.0003766000
0.0114598300 0.0003765800
0.0114493900 0.0003765500
0.0114389600 0.0003765200
0.0114285200 0.0003764900
0.0114180900 0.0003764600
0.0114076500 0.0003764400
0.0113972200 0.0003764100
0.0113867900 0.0003763900
0.0113763500 0.0003763600
0.0113659200 0.0003763400
0.0113554900 0.0003763100
0.0113450500 0.0003762900
0.0113346200 0.0003762700
0.0113241900 0.0003762400
0.0113137600 0.0003762200
0.0113033200 0.0003762000
0.0112928900 0.0003761800
0.0112824600 0.0003761600
0.0112720300 0.0003761400
0.0112616000 0.0003761200
0.0112511600 0.0003761000
0.0112407200 0.0003760800
0.0112302800 0.0003760700
0.0112198500 0.0003760500
0.0112094100 0.0003760300
0.0111989700 0.0003760200
0.0111885100 0.0003760000
0.0111780700 0.0003759800
0.0111676400 0.0003759700
0.0111572300 0.0003759600
0.0111468300 0.0003759400
0.0111364400 0.0003759300
0.0111260400 0.0003759200
0.0111155100 0.0003759100
0.0111065600 0.0003759000
0.0110965500 0.0003758900
0.0110867300 0.0003758800
0.0110770700 0.0003758700
0.0110675200 0.0003758600
0.0110581000 0.0003758500
0.0110424100 0.0003758400
0.0110320000 0.0003758300
0.0110216000 0.0003758200
0.0110112300 0.0003758200
0.0110009100 0.0003758100
0.0109906500 0.0003758000
0.0109804900 0.0003758000
0.0109704800 0.0003758000
0.0109606900 0.0003757900
0.0109511800 0.0003757900
0.0109420700 0.0003757900
0.0109335500 0.0003757800
0.0109257000 0.0003757800
0.0109069100 0.0003757800
