0.0436721700 0.0375790600
0.0436565700 0.0370850400
0.0436409800 0.0365961400
0.0436253800 0.0361123800
0.0436097900 0.0356337400
0.0435941900 0.0351602400
0.0435786000 0.0346918700
0.0435630000 0.0342286400
0.0435474100 0.0337705300
0.0435318200 0.0333175500
0.0435162200 0.0328697000
0.0435006300 0.0324269800
0.0434850300 0.0319893900
0.0434694400 0.0315569400
0.0434538400 0.0311296200
0.0434382500 0.0307074300
0.0434226600 0.0302903700
0.0434070600 0.0298784400
0.0433914700 0.0294716400
0.0433758700 0.0290699700
0.0433602800 0.0286734400
0.0433446800 0.0282820300
0.0433290900 0.0278957600
0.0433134900 0.0275146100
0.0432979000 0.0271386000
0.0432823100 0.0267677200
0.0432667100 0.0264019700
0.0432511200 0.0260413500
0.0432355200 0.0256858700
0.0432199300 0.0253355100
0.0432043300 0.0249902900
0.0431887400 0.0246501900
0.0431731400 0.0243152300
0.0431575500 0.0239854000
0.0431419600 0.0236607000
0.0431263600 0.0233411300
0.0431107700 0.0230266900
0.0430951700 0.0227173800
0.0430795800 0.0224132100
0.0430639800 0.0221141600
0.0430483900 0.0218202500
0.0430328000 0.0215314700
0.0430172000 0.0212478200
0.0430016100 0.0209692900
0.0429860100 0.0206959000
0.0429704200 0.0204276400
0.0429548200 0.0201645100
0.0429392300 0.0199065200
0.0429236300 0.0196536500
0.0429080400 0.0194059200
0.0428924500 0.0191633100
0.0428768500 0.0189258400
0.0428612600 0.0186935000
0.0428456600 0.0184662900
0.0428300700 0.0182442100
0.0428144700 0.0180272600
0.0427988800 0.0178154500
0.0427832800 0.0176087600
0.0427676900 0.0174072100
0.0427521000 0.0172107800
0.0427365000 0.0170194900
0.0427209100 0.0168333300
0.0427053100 0.0166523000
0.0426897200 0.0164764000
0.0426741200 0.0163056300
0.0426585300 0.0161399900
0.0426429400 0.0159794900
0.0426273400 0.0158241200
0.0426117500 0.0156738800
0.0425961500 0.0155287600
0.0425805600 0.0153887800
0.0425649600 0.0152539400
0.0425493700 0.0151242100
0.0425337700 0.0149996200
0.0425181800 0.0148801600
0.0425025900 0.0147658400
0.0424869900 0.0146566400
0.0424714000 0.0145525800
0.0424558000 0.0144536400
0.0424402100 0.0143598400
0.0424246100 0.0142706200
0.0424090200 0.0141825900
0.0423934200 0.0140951600
0.0423778300 0.0140083200
0.0423622400 0.0139220900
0.0423466400 0.0138364500
0.0423310500 0.0137514100
0.0423154500 0.0136669800
0.0422998600 0.0135831400
0.0422842600 0.0134999000
0.0422686700 0.0134172600
0.0422530800 0.0133352200
0.0422374800 0.0132537700
0.0422218900 0.0131729300
0.0422062900 0.0130926900
0.0421907000 0.0130130400
0.0421751000 0.0129340000
0.0421595100 0.0128555500
0.0421439100 0.0127777100
0.0421283200 0.0127004600
0.0421127300 0.0126238000
0.0420971300 0.0125477500
0.0420815400 0.0124723000
0.0420659400 0.0123974500
0.0420503500 0.0123232000
0.0420347500 0.0122495400
0.0420191600 0.0121764900
0.0420035600 0.0121040300
0.0419879700 0.0120321700
0.0419723800 0.0119609200
0.0419567800 0.0118902600
0.0419411900 0.0118202000
0.0419255900 0.0117507400
0.0419100000 0.0116818800
0.0418944000 0.0116136200
0.0418788100 0.0115459600
0.0418632200 0.0114788900
0.0418476200 0.0114124300
0.0418320300 0.0113465600
0.0418164300 0.0112813000
0.0418008400 0.0112166300
0.0417852400 0.0111525700
0.0417696500 0.0110890900
0.0417540500 0.0110262200
0.0417384600 0.0109639500
0.0417228700 0.0109022800
0.0417072700 0.0108412100
0.0416916800 0.0107807400
0.0416760800 0.0107208600
0.0416604900 0.0106615900
0.0416448900 0.0106029100
0.0416293000 0.0105448400
0.0416137000 0.0104873600
0.0415981100 0.0104304800
0.0415825200 0.0103742000
0.0415669200 0.0103185200
0.0415513300 0.0102634400
0.0415357300 0.0102089600
0.0415201400 0.0101550700
0.0415045400 0.0101017900
0.0414889500 0.0100491100
0.0414733600 0.0099970200
0.0414577600 0.0099455400
0.0414421700 0.0098946500
0.0414265700 0.0098443600
0.0414109800 0.0097946700
0.0413953800 0.0097455800
0.0413797900 0.0096970900
0.0413641900 0.0096492000
0.0413486000 0.0096019100
0.0413330100 0.0095552100
0.0413174100 0.0095091200
0.0413018200 0.0094636300
0.0412862200 0.0094187300
0.0412706300 0.0093744300
0.0412550300 0.0093307400
0.0412394400 0.0092876400
0.0412238400 0.0092451400
0.0412082500 0.0092032400
0.0411926600 0.0091619400
0.0411770600 0.0091212400
0.0411614700 0.0090811400
0.0411458700 0.0090414900
0.0411302800 0.0090021700
0.0411146800 0.0089630700
0.0410990900 0.0089241600
0.0410835000 0.0088854400
0.0410679000 0.0088469200
0.0410523100 0.0088085800
0.0410367100 0.0087704400
0.0410211200 0.0087324900
0.0410055200 0.0086947300
0.0409899300 0.0086571600
0.0409743300 0.0086197900
0.0409587400 0.0085826100
0.0409431500 0.0085456200
0.0409275500 0.0085088200
0.0409119600 0.0084722200
0.0408963600 0.0084358000
0.0408807700 0.0083995700
0.0408651700 0.0083635400
0.0408495800 0.0083277100
0.0408339800 0.0082920600
0.0408183900 0.0082566000
0.0408028000 0.0082213400
0.0407872000 0.0081862700
0.0407716100 0.0081513900
0.0407560100 0.0081167000
0.0407404200 0.0080822100
0.0407248200 0.0080479100
0.0407092300 0.0080137900
0.0406936400 0.0079798800
0.0406780400 0.0079461500
0.0406624500 0.0079126100
0.0406468500 0.0078792700
0.0406312600 0.0078461300
0.0406156600 0.0078131600
0.0406000700 0.0077803800
0.0405844700 0.0077477600
0.0405688800 0.0077153000
0.0405532900 0.0076829900
0.0405376900 0.0076508400
0.0405221000 0.0076188400
0.0405065000 0.0075870000
0.0404909100 0.0075553100
0.0404753100 0.0075237800
0.0404597200 0.0074924000
0.0404441200 0.0074611800
0.0404285300 0.0074301200
0.0404129400 0.0073992100
0.0403973400 0.0073684600
0.0403817500 0.0073378600
0.0403661500 0.0073074200
0.0403505600 0.0072771200
0.0403349600 0.0072469900
0.0403193700 0.0072170200
0.0403037800 0.0071872000
0.0402881800 0.0071575300
0.0402725900 0.0071280200
0.0402569900 0.0070986700
0.0402414000 0.0070694700
0.0402258000 0.0070404200
0.0402102100 0.0070115400
0.0401946100 0.0069828000
0.0401790200 0.0069542300
0.0401634300 0.0069258000
0.0401478300 0.0068975400
0.0401322400 0.0068694300
0.0401166400 0.0068414700
0.0401010500 0.0068136700
0.0400854500 0.0067860300
0.0400698600 0.0067585400
0.0400542600 0.0067312100
0.0400386700 0.0067040300
0.0400230800 0.0066770100
0.0400074800 0.0066501400
0.0399918900 0.0066234400
0.0399762900 0.0065968800
0.0399607000 0.0065704800
0.0399451000 0.0065442300
0.0399295100 0.0065181500
0.0399139200 0.0064922100
0.0398983200 0.0064664300
0.0398827300 0.0064408100
0.0398671300 0.0064153500
0.0398515400 0.0063900300
0.0398359400 0.0063648800
0.0398203500 0.0063398800
0.0398047500 0.0063150300
0.0397891600 0.0062903400
0.0397735700 0.0062658100
0.0397579700 0.0062414300
0.0397423800 0.0062172000
0.0397267800 0.0061931400
0.0397111900 0.0061692200
0.0396955900 0.0061454700
0.0396800000 0.0061218700
0.0396644000 0.0060984200
0.0396488100 0.0060751300
0.0396332200 0.0060520000
0.0396176200 0.0060290200
0.0396020300 0.0060061900
0.0395864300 0.0059835300
0.0395708400 0.0059610100
0.0395552400 0.0059386600
0.0395396500 0.0059164500
0.0395240600 0.0058944100
0.0395084600 0.0058725200
0.0394928700 0.0058507800
0.0394772700 0.0058292000
0.0394616800 0.0058077800
0.0394460800 0.0057865100
0.0394304900 0.0057654000
0.0394148900 0.0057444400
0.0393993000 0.0057236400
0.0393837100 0.0057029500
0.0393681100 0.0056823300
0.0393525200 0.0056617600
0.0393369200 0.0056412600
0.0393213300 0.0056208100
0.0393057300 0.0056004200
0.0392901400 0.0055801000
0.0392745400 0.0055598400
0.0392589500 0.0055396300
0.0392433600 0.0055194900
0.0392277600 0.0054994100
0.0392121700 0.0054793800
0.0391965700 0.0054594200
0.0391809800 0.0054395200
0.0391653800 0.0054196800
0.0391497900 0.0053999000
0.0391342000 0.0053801700
0.0391186000 0.0053605100
0.0391030100 0.0053409100
0.0390874100 0.0053213700
0.0390718200 0.0053018900
0.0390562200 0.0052824700
0.0390406300 0.0052631200
0.0390250300 0.0052438200
0.0390094400 0.0052245800
0.0389938500 0.0052054000
0.0389782500 0.0051862800
0.0389626600 0.0051672200
0.0389470600 0.0051482300
0.0389314700 0.0051292900
0.0389158700 0.0051104100
0.0389002800 0.0050916000
0.0388846800 0.0050728400
0.0388690900 0.0050541400
0.0388535000 0.0050355100
0.0388379000 0.0050169400
0.0388223100 0.0049984200
0.0388067100 0.0049799700
0.0387911200 0.0049615700
0.0387755200 0.0049432400
0.0387599300 0.0049249700
0.0387443400 0.0049067500
0.0387287400 0.0048886000
0.0387131500 0.0048705100
0.0386975500 0.0048524700
0.0386819600 0.0048345000
0.0386663600 0.0048165900
0.0386507700 0.0047987400
0.0386351700 0.0047809500
0.0386195800 0.0047632200
0.0386039900 0.0047455500
0.0385883900 0.0047279400
0.0385728000 0.0047103900
0.0385572000 0.0046929000
0.0385416100 0.0046754700
0.0385260100 0.0046581000
0.0385104200 0.0046407900
0.0384948200 0.0046235500
0.0384792300 0.0046063600
0.0384636400 0.0045892300
0.0384480400 0.0045721700
0.0384324500 0.0045551600
0.0384168500 0.0045382100
0.0384012600 0.0045213200
0.0383856600 0.0045045000
0.0383700700 0.0044877300
0.0383544800 0.0044710100
0.0383388800 0.0044543600
0.0383232900 0.0044377600
0.0383076900 0.0044212300
0.0382921000 0.0044047500
0.0382765000 0.0043883200
0.0382609100 0.0043719600
0.0382453100 0.0043556500
0.0382297200 0.0043394000
0.0382141300 0.0043232000
0.0381985300 0.0043070700
0.0381829400 0.0042909900
0.0381673400 0.0042749700
0.0381517500 0.0042590100
0.0381361500 0.0042431100
0.0381205600 0.0042272600
0.0381049600 0.0042114700
0.0380893700 0.0041957400
0.0380737800 0.0041800700
0.0380581800 0.0041644600
0.0380425900 0.0041489000
0.0380269900 0.0041334000
0.0380114000 0.0041179600
0.0379958000 0.0041025700
0.0379802100 0.0040872500
0.0379646200 0.0040719800
0.0379490200 0.0040567700
0.0379334300 0.0040416100
0.0379178300 0.0040265100
0.0379022400 0.0040114600
0.0378866400 0.0039964500
0.0378710500 0.0039814900
0.0378554500 0.0039665800
0.0378398600 0.0039517100
0.0378242700 0.0039368900
0.0378086700 0.0039221200
0.0377930800 0.0039073900
0.0377774800 0.0038927100
0.0377618900 0.0038780800
0.0377462900 0.0038634900
0.0377307000 0.0038489500
0.0377151000 0.0038344600
0.0376995100 0.0038200100
0.0376839200 0.0038056000
0.0376683200 0.0037912500
0.0376527300 0.0037769400
0.0376371300 0.0037626800
0.0376215400 0.0037484700
0.0376059400 0.0037342900
0.0375903500 0.0037201700
0.0375747600 0.0037061000
0.0375591600 0.0036920700
0.0375435700 0.0036780900
0.0375279700 0.0036641500
0.0375123800 0.0036502600
0.0374967800 0.0036364200
0.0374811900 0.0036226200
0.0374655900 0.0036088700
0.0374500000 0.0035951700
0.0374344100 0.0035815100
0.0374188100 0.0035679000
0.0374032200 0.0035543300
0.0373876200 0.0035408200
0.0373720300 0.0035273500
0.0373564300 0.0035139200
0.0373408400 0.0035005500
0.0373252400 0.0034872200
0.0373096500 0.0034739300
0.0372940600 0.0034606900
0.0372784600 0.0034475000
0.0372628700 0.0034343600
0.0372472700 0.0034212600
0.0372316800 0.0034082100
0.0372160800 0.0033952000
0.0372004900 0.0033822400
0.0371849000 0.0033693300
0.0371693000 0.0033564600
0.0371537100 0.0033436400
0.0371381100 0.0033308700
0.0371225200 0.0033181500
0.0371069200 0.0033054700
0.0370913300 0.0032928300
0.0370757300 0.0032802400
0.0370601400 0.0032677000
0.0370445500 0.0032552100
0.0370289500 0.0032427600
0.0370133600 0.0032303600
0.0369977600 0.0032180100
0.0369821700 0.0032057000
0.0369665700 0.0031934400
0.0369509800 0.0031812300
0.0369353800 0.0031690600
0.0369197900 0.0031569400
0.0369042000 0.0031448600
0.0368886000 0.0031328400
0.0368730100 0.0031208500
0.0368574100 0.0031089200
0.0368418200 0.0030970300
0.0368262200 0.0030851900
0.0368106300 0.0030733900
0.0367950300 0.0030616400
0.0367794400 0.0030499400
0.0367638500 0.0030382900
0.0367482500 0.0030266800
0.0367326600 0.0030151100
0.0367170600 0.0030036000
0.0367014700 0.0029921300
0.0366858700 0.0029807100
0.0366702800 0.0029693300
0.0366546900 0.0029580000
0.0366390900 0.0029467200
0.0366235000 0.0029354800
0.0366079000 0.0029242900
0.0365923100 0.0029131400
0.0365767100 0.0029020500
0.0365611200 0.0028910000
0.0365455200 0.0028799900
0.0365299300 0.0028690300
0.0365143400 0.0028581200
0.0364987400 0.0028472600
0.0364831500 0.0028364400
0.0364675500 0.0028256700
0.0364519600 0.0028149400
0.0364363600 0.0028042700
0.0364207700 0.0027936300
0.0364051700 0.0027830500
0.0363895800 0.0027725100
0.0363739900 0.0027620200
0.0363583900 0.0027515700
0.0363428000 0.0027411700
0.0363272000 0.0027308200
0.0363116100 0.0027205100
0.0362960100 0.0027102500
0.0362804200 0.0027000400
0.0362648300 0.0026898700
0.0362492300 0.0026797500
0.0362336400 0.0026696800
0.0362180400 0.0026596500
0.0362024500 0.0026496700
0.0361868500 0.0026397400
0.0361712600 0.0026298500
0.0361556600 0.0026200100
0.0361400700 0.0026102200
0.0361244800 0.0026004700
0.0361088800 0.0025907700
0.0360932900 0.0025811100
0.0360776900 0.0025715000
0.0360621000 0.0025619500
0.0360465000 0.0025524300
0.0360309100 0.0025429600
0.0360153100 0.0025335400
0.0359997200 0.0025241600
0.0359841300 0.0025148500
0.0359685300 0.0025055900
0.0359529400 0.0024963800
0.0359373400 0.0024872400
0.0359217500 0.0024781600
0.0359061500 0.0024691300
0.0358905600 0.0024601600
0.0358749700 0.0024512500
0.0358593700 0.0024424000
0.0358437800 0.0024336100
0.0358281800 0.0024248700
0.0358125900 0.0024162000
0.0357969900 0.0024075800
0.0357814000 0.0023990200
0.0357658000 0.0023905200
0.0357502100 0.0023820800
0.0357346200 0.0023736900
0.0357190200 0.0023653700
0.0357034300 0.0023571000
0.0356878300 0.0023488900
0.0356722400 0.0023407400
0.0356566400 0.0023326500
0.0356410500 0.0023246100
0.0356254500 0.0023166400
0.0356098600 0.0023087200
0.0355942700 0.0023008600
0.0355786700 0.0022930600
0.0355630800 0.0022853200
0.0355474800 0.0022776400
0.0355318900 0.0022700100
0.0355162900 0.0022624400
0.0355007000 0.0022549300
0.0354851100 0.0022474800
0.0354695100 0.0022400900
0.0354539200 0.0022327600
0.0354383200 0.0022254800
0.0354227300 0.0022182700
0.0354071300 0.0022111100
0.0353915400 0.0022040100
0.0353759400 0.0021969700
0.0353603500 0.0021899800
0.0353447600 0.0021830600
0.0353291600 0.0021761900
0.0353135700 0.0021693800
0.0352979700 0.0021626200
0.0352823800 0.0021558800
0.0352667800 0.0021491700
0.0352511900 0.0021424800
0.0352355900 0.0021358100
0.0352200000 0.0021291700
0.0352044100 0.0021225500
0.0351888100 0.0021159600
0.0351732200 0.0021093900
0.0351576200 0.0021028500
0.0351420300 0.0020963300
0.0351264300 0.0020898400
0.0351108400 0.0020833600
0.0350952500 0.0020769200
0.0350796500 0.0020705000
0.0350640600 0.0020641000
0.0350484600 0.0020577400
0.0350328700 0.0020514000
0.0350172700 0.0020450800
0.0350016800 0.0020387900
0.0349860800 0.0020325200
0.0349704900 0.0020262800
0.0349549000 0.0020200700
0.0349393000 0.0020138800
0.0349237100 0.0020077200
0.0349081100 0.0020015800
0.0348925200 0.0019954700
0.0348769200 0.0019893900
0.0348613300 0.0019833300
0.0348457300 0.0019773000
0.0348301400 0.0019712900
0.0348145500 0.0019653100
0.0347989500 0.0019593500
0.0347833600 0.0019534300
0.0347677600 0.0019475200
0.0347521700 0.0019416500
0.0347365700 0.0019358000
0.0347209800 0.0019299700
0.0347053900 0.0019241700
0.0346897900 0.0019184000
0.0346742000 0.0019126500
0.0346586000 0.0019069300
0.0346430100 0.0019012400
0.0346274100 0.0018955700
0.0346118200 0.0018899200
0.0345962200 0.0018843100
0.0345806300 0.0018787200
0.0345650400 0.0018731500
0.0345494400 0.0018676100
0.0345338500 0.0018621000
0.0345182500 0.0018566100
0.0345026600 0.0018511500
0.0344870600 0.0018457100
0.0344714700 0.0018403000
0.0344558700 0.0018349100
0.0344402800 0.0018295600
0.0344246900 0.0018242200
0.0344090900 0.0018188900
0.0343935000 0.0018135900
0.0343779000 0.0018082900
0.0343623100 0.0018030200
0.0343467100 0.0017977600
0.0343311200 0.0017925200
0.0343155300 0.0017872900
0.0342999300 0.0017820800
0.0342843400 0.0017768800
0.0342687400 0.0017717000
0.0342531500 0.0017665400
0.0342375500 0.0017613900
0.0342219600 0.0017562600
0.0342063600 0.0017511400
0.0341907700 0.0017460400
0.0341751800 0.0017409600
0.0341595800 0.0017358900
0.0341439900 0.0017308300
0.0341283900 0.0017258000
0.0341128000 0.0017207700
0.0340972000 0.0017157700
0.0340816100 0.0017107800
0.0340660100 0.0017058100
0.0340504200 0.0017008500
0.0340348300 0.0016959100
0.0340192300 0.0016909800
0.0340036400 0.0016860700
0.0339880400 0.0016811700
0.0339724500 0.0016762900
0.0339568500 0.0016714200
0.0339412600 0.0016665700
0.0339256700 0.0016617300
0.0339100700 0.0016569100
0.0338944800 0.0016521000
0.0338788800 0.0016473100
0.0338632900 0.0016425300
0.0338476900 0.0016377700
0.0338321000 0.0016330200
0.0338165000 0.0016282900
0.0338009100 0.0016235700
0.0337853200 0.0016188700
0.0337697200 0.0016141800
0.0337541300 0.0016095100
0.0337385300 0.0016048500
0.0337229400 0.0016002100
0.0337073400 0.0015955800
0.0336917500 0.0015909700
0.0336761500 0.0015863700
0.0336605600 0.0015817900
0.0336449700 0.0015772200
0.0336293700 0.0015726700
0.0336137800 0.0015681300
0.0335981800 0.0015636100
0.0335825900 0.0015591000
0.0335669900 0.0015546000
0.0335514000 0.0015501300
0.0335358100 0.0015456600
0.0335202100 0.0015412200
0.0335046200 0.0015367800
0.0334890200 0.0015323700
0.0334734300 0.0015279600
0.0334578300 0.0015235800
0.0334422400 0.0015192000
0.0334266400 0.0015148400
0.0334110500 0.0015105000
0.0333954600 0.0015061700
0.0333798600 0.0015018600
0.0333642700 0.0014975600
0.0333486700 0.0014932700
0.0333330800 0.0014890100
0.0333174800 0.0014847500
0.0333018900 0.0014805100
0.0332862900 0.0014762900
0.0332707000 0.0014720800
0.0332551100 0.0014678900
0.0332395100 0.0014637100
0.0332239200 0.0014595500
0.0332083200 0.0014554000
0.0331927300 0.0014512600
0.0331771300 0.0014471500
0.0331615400 0.0014430400
0.0331459500 0.0014389500
0.0331303500 0.0014348800
0.0331147600 0.0014308200
0.0330991600 0.0014267800
0.0330835700 0.0014227500
0.0330679700 0.0014187300
0.0330523800 0.0014147400
0.0330367800 0.0014107500
0.0330211900 0.0014067800
0.0330056000 0.0014028300
0.0329900000 0.0013988900
0.0329744100 0.0013949700
0.0329588100 0.0013910600
0.0329432200 0.0013871600
0.0329276200 0.0013832800
0.0329120300 0.0013794200
0.0328964300 0.0013755700
0.0328808400 0.0013717400
0.0328652500 0.0013679200
0.0328496500 0.0013641100
0.0328340600 0.0013603200
0.0328184600 0.0013565500
0.0328028700 0.0013527900
0.0327872700 0.0013490500
0.0327716800 0.0013453100
0.0327560900 0.0013416000
0.0327404900 0.0013378900
0.0327249000 0.0013342000
0.0327093000 0.0013305200
0.0326937100 0.0013268500
0.0326781100 0.0013232000
0.0326625200 0.0013195600
0.0326469200 0.0013159300
0.0326313300 0.0013123200
0.0326157400 0.0013087200
0.0326001400 0.0013051300
0.0325845500 0.0013015500
0.0325689500 0.0012979900
0.0325533600 0.0012944400
0.0325377600 0.0012909000
0.0325221700 0.0012873700
0.0325065700 0.0012838600
0.0324909800 0.0012803600
0.0324753900 0.0012768700
0.0324597900 0.0012734000
0.0324442000 0.0012699300
0.0324286000 0.0012664800
0.0324130100 0.0012630400
0.0323974100 0.0012596200
0.0323818200 0.0012562100
0.0323662300 0.0012528100
0.0323506300 0.0012494100
0.0323350400 0.0012460400
0.0323194400 0.0012426800
0.0323038500 0.0012393200
0.0322882500 0.0012359900
0.0322726600 0.0012326600
0.0322570600 0.0012293500
0.0322414700 0.0012260400
0.0322258800 0.0012227600
0.0322102800 0.0012194800
0.0321946900 0.0012162100
0.0321790900 0.0012129600
0.0321635000 0.0012097200
0.0321479000 0.0012065000
0.0321323100 0.0012032800
0.0321167100 0.0012000700
0.0321011200 0.0011968800
0.0320855300 0.0011937000
0.0320699300 0.0011905200
0.0320543400 0.0011873600
0.0320387400 0.0011842100
0.0320231500 0.0011810700
0.0320075500 0.0011779400
0.0319919600 0.0011748200
0.0319763700 0.0011717100
0.0319607700 0.0011686200
0.0319451800 0.0011655300
0.0319295800 0.0011624600
0.0319139900 0.0011594000
0.0318983900 0.0011563400
0.0318828000 0.0011533000
0.0318672000 0.0011502700
0.0318516100 0.0011472600
0.0318360200 0.0011442500
0.0318204200 0.0011412500
0.0318048300 0.0011382600
0.0317892300 0.0011352900
0.0317736400 0.0011323300
0.0317580400 0.0011293700
0.0317424500 0.0011264300
0.0317268500 0.0011234900
0.0317112600 0.0011205800
0.0316956700 0.0011176600
0.0316800700 0.0011147700
0.0316644800 0.0011118800
0.0316488800 0.0011090000
0.0316332900 0.0011061400
0.0316176900 0.0011032800
0.0316021000 0.0011004400
0.0315865100 0.0010976000
0.0315709100 0.0010947800
0.0315553200 0.0010919700
0.0315397200 0.0010891700
0.0315241300 0.0010863800
0.0315085300 0.0010836100
0.0314929400 0.0010808400
0.0314773400 0.0010780800
0.0314617500 0.0010753400
0.0314461600 0.0010726000
0.0314305600 0.0010698800
0.0314149700 0.0010671700
0.0313993700 0.0010644600
0.0313837800 0.0010617700
0.0313681800 0.0010590800
0.0313525900 0.0010564000
0.0313369900 0.0010537400
0.0313214000 0.0010510800
0.0313058100 0.0010484300
0.0312902100 0.0010457800
0.0312746200 0.0010431500
0.0312590200 0.0010405300
0.0312434300 0.0010379200
0.0312278300 0.0010353100
0.0312122400 0.0010327100
0.0311966500 0.0010301300
0.0311810500 0.0010275500
0.0311654600 0.0010249800
0.0311498600 0.0010224200
0.0311342700 0.0010198700
0.0311186700 0.0010173200
0.0311030800 0.0010147900
0.0310874800 0.0010122700
0.0310718900 0.0010097500
0.0310563000 0.0010072400
0.0310407000 0.0010047400
0.0310251100 0.0010022600
0.0310095100 0.0009997800
0.0309939200 0.0009973100
0.0309783200 0.0009948500
0.0309627300 0.0009923900
0.0309471300 0.0009899500
0.0309315400 0.0009875200
0.0309159500 0.0009850900
0.0309003500 0.0009826700
0.0308847600 0.0009802700
0.0308691600 0.0009778600
0.0308535700 0.0009754700
0.0308379700 0.0009730900
0.0308223800 0.0009707200
0.0308067900 0.0009683600
0.0307911900 0.0009660000
0.0307756000 0.0009636600
0.0307600000 0.0009613200
0.0307444100 0.0009589900
0.0307288100 0.0009566700
0.0307132200 0.0009543500
0.0306976200 0.0009520500
0.0306820300 0.0009497500
0.0306664400 0.0009474700
0.0306508400 0.0009451900
0.0306352500 0.0009429200
0.0306196500 0.0009406600
0.0306040600 0.0009384000
0.0305884600 0.0009361500
0.0305728700 0.0009339100
0.0305572700 0.0009316700
0.0305416800 0.0009294400
0.0305260900 0.0009272100
0.0305104900 0.0009249900
0.0304949000 0.0009227800
0.0304793000 0.0009205700
0.0304637100 0.0009183600
0.0304481100 0.0009161600
0.0304325200 0.0009139700
0.0304169300 0.0009117800
0.0304013300 0.0009096000
0.0303857400 0.0009074200
0.0303701400 0.0009052600
0.0303545500 0.0009030900
0.0303389500 0.0009009300
0.0303233600 0.0008987800
0.0303077600 0.0008966400
0.0302921700 0.0008944900
0.0302765800 0.0008923600
0.0302609800 0.0008902200
0.0302453900 0.0008881000
0.0302297900 0.0008859800
0.0302142000 0.0008838700
0.0301986000 0.0008817600
0.0301830100 0.0008796600
0.0301674100 0.0008775600
0.0301518200 0.0008754800
0.0301362300 0.0008733900
0.0301206300 0.0008713100
0.0301050400 0.0008692400
0.0300894400 0.0008671700
0.0300738500 0.0008651100
0.0300582500 0.0008630600
0.0300426600 0.0008610000
0.0300270700 0.0008589600
0.0300114700 0.0008569200
0.0299958800 0.0008548800
0.0299802800 0.0008528600
0.0299646900 0.0008508400
0.0299490900 0.0008488200
0.0299335000 0.0008468100
0.0299179000 0.0008448000
0.0299023100 0.0008428000
0.0298867200 0.0008408100
0.0298711200 0.0008388200
0.0298555300 0.0008368400
0.0298399300 0.0008348700
0.0298243400 0.0008328900
0.0298087400 0.0008309300
0.0297931500 0.0008289700
0.0297775500 0.0008270200
0.0297619600 0.0008250700
0.0297463700 0.0008231300
0.0297307700 0.0008211900
0.0297151800 0.0008192600
0.0296995800 0.0008173400
0.0296839900 0.0008154200
0.0296683900 0.0008135000
0.0296528000 0.0008116000
0.0296372100 0.0008097000
0.0296216100 0.0008078000
0.0296060200 0.0008059100
0.0295904200 0.0008040200
0.0295748300 0.0008021400
0.0295592300 0.0008002700
0.0295436400 0.0007984000
0.0295280400 0.0007965400
0.0295124500 0.0007946800
0.0294968600 0.0007928300
0.0294812600 0.0007909900
0.0294656700 0.0007891500
0.0294500700 0.0007873100
0.0294344800 0.0007854800
0.0294188800 0.0007836600
0.0294032900 0.0007818500
0.0293876900 0.0007800300
0.0293721000 0.0007782300
0.0293565100 0.0007764300
0.0293409100 0.0007746400
0.0293253200 0.0007728500
0.0293097200 0.0007710700
0.0292941300 0.0007692900
0.0292785300 0.0007675200
0.0292629400 0.0007657500
0.0292473500 0.0007639900
0.0292317500 0.0007622400
0.0292161600 0.0007604900
0.0292005600 0.0007587500
0.0291849700 0.0007570100
0.0291693700 0.0007552800
0.0291537800 0.0007535500
0.0291381800 0.0007518300
0.0291225900 0.0007501300
0.0291070000 0.0007484100
0.0290914000 0.0007467100
0.0290758100 0.0007450100
0.0290602100 0.0007433200
0.0290446200 0.0007416400
0.0290290200 0.0007399600
0.0290134300 0.0007382800
0.0289978300 0.0007366100
0.0289822400 0.0007349500
0.0289666500 0.0007332900
0.0289510500 0.0007316500
0.0289354600 0.0007300000
0.0289198600 0.0007283600
0.0289042700 0.0007267200
0.0288886700 0.0007251000
0.0288730800 0.0007234700
0.0288574900 0.0007218600
0.0288418900 0.0007202400
0.0288263000 0.0007186400
0.0288107000 0.0007170400
0.0287951100 0.0007154400
0.0287795100 0.0007138600
0.0287639200 0.0007122700
0.0287483200 0.0007107000
0.0287327300 0.0007091200
0.0287171400 0.0007075500
0.0287015400 0.0007059900
0.0286859500 0.0007044300
0.0286703500 0.0007028800
0.0286547600 0.0007013200
0.0286391600 0.0006997700
0.0286235700 0.0006982300
0.0286079700 0.0006966800
0.0285923800 0.0006951500
0.0285767900 0.0006936100
0.0285611900 0.0006920700
0.0285456000 0.0006905400
0.0285300000 0.0006890200
0.0285144100 0.0006874900
0.0284988100 0.0006859700
0.0284832200 0.0006844500
0.0284676200 0.0006829400
0.0284520300 0.0006814300
0.0284364400 0.0006799300
0.0284208400 0.0006784200
0.0284052500 0.0006769100
0.0283896500 0.0006754200
0.0283740600 0.0006739200
0.0283584600 0.0006724300
0.0283428700 0.0006709400
0.0283272800 0.0006694500
0.0283116800 0.0006679700
0.0282960900 0.0006664900
0.0282804900 0.0006650100
0.0282649000 0.0006635300
0.0282493000 0.0006620600
0.0282337100 0.0006605900
0.0282181100 0.0006591200
0.0282025200 0.0006576600
0.0281869300 0.0006562000
0.0281713300 0.0006547400
0.0281557400 0.0006532900
0.0281401400 0.0006518400
0.0281245500 0.0006503900
0.0281089500 0.0006489400
0.0280933600 0.0006475000
0.0280777600 0.0006460600
0.0280621700 0.0006446200
0.0280465800 0.0006431900
0.0280309800 0.0006417600
0.0280153900 0.0006403300
0.0279997900 0.0006389100
0.0279842000 0.0006374800
0.0279686000 0.0006360600
0.0279530100 0.0006346500
0.0279374200 0.0006332300
0.0279218200 0.0006318200
0.0279062300 0.0006304200
0.0278906300 0.0006290100
0.0278750400 0.0006276100
0.0278594400 0.0006262100
0.0278438500 0.0006248100
0.0278282500 0.0006234200
0.0278126600 0.0006220300
0.0277970700 0.0006206500
0.0277814700 0.0006192600
0.0277658800 0.0006178800
0.0277502800 0.0006165000
0.0277346900 0.0006151300
0.0277190900 0.0006137500
0.0277035000 0.0006123900
0.0276879000 0.0006110200
0.0276723100 0.0006096600
0.0276567200 0.0006082900
0.0276411200 0.0006069400
0.0276255300 0.0006055800
0.0276099300 0.0006042300
0.0275943400 0.0006028800
0.0275787400 0.0006015400
0.0275631500 0.0006001900
0.0275475600 0.0005988500
0.0275319600 0.0005975200
0.0275163700 0.0005961800
0.0275007700 0.0005948500
0.0274851800 0.0005935200
0.0274695800 0.0005922000
0.0274539900 0.0005908800
0.0274383900 0.0005895600
0.0274228000 0.0005882400
0.0274072100 0.0005869300
0.0273916100 0.0005856200
0.0273760200 0.0005843100
0.0273604200 0.0005830000
0.0273448300 0.0005817000
0.0273292300 0.0005804000
0.0273136400 0.0005791100
0.0272980400 0.0005778100
0.0272824500 0.0005765200
0.0272668600 0.0005752400
0.0272512600 0.0005739500
0.0272356700 0.0005726700
0.0272200700 0.0005714000
0.0272044800 0.0005701200
0.0271888800 0.0005688500
0.0271732900 0.0005675800
0.0271577000 0.0005663100
0.0271421000 0.0005650500
0.0271265100 0.0005637900
0.0271109100 0.0005625300
0.0270953200 0.0005612800
0.0270797200 0.0005600200
0.0270641300 0.0005587700
0.0270485300 0.0005575300
0.0270329400 0.0005562900
0.0270173500 0.0005550500
0.0270017500 0.0005538100
0.0269861600 0.0005525800
0.0269705600 0.0005513400
0.0269549700 0.0005501200
0.0269393700 0.0005488900
0.0269237800 0.0005476700
0.0269081800 0.0005464500
0.0268925900 0.0005452300
0.0268770000 0.0005440200
0.0268614000 0.0005428100
0.0268458100 0.0005416000
0.0268302100 0.0005404000
0.0268146200 0.0005391900
0.0267990200 0.0005379900
0.0267834300 0.0005368000
0.0267678400 0.0005356100
0.0267522400 0.0005344200
0.0267366500 0.0005332300
0.0267210500 0.0005320400
0.0267054600 0.0005308600
0.0266898600 0.0005296900
0.0266742700 0.0005285100
0.0266586700 0.0005273400
0.0266430800 0.0005261700
0.0266274900 0.0005250000
0.0266118900 0.0005238400
0.0265963000 0.0005226800
0.0265807000 0.0005215200
0.0265651100 0.0005203600
0.0265495100 0.0005192100
0.0265339200 0.0005180700
0.0265183200 0.0005169200
0.0265027300 0.0005157700
0.0264871400 0.0005146300
0.0264715400 0.0005135000
0.0264559500 0.0005123600
0.0264403500 0.0005112300
0.0264247600 0.0005101100
0.0264091600 0.0005089800
0.0263935700 0.0005078600
0.0263779800 0.0005067400
0.0263623800 0.0005056200
0.0263467900 0.0005045100
0.0263311900 0.0005034000
0.0263156000 0.0005022900
0.0263000000 0.0005011900
0.0262844100 0.0005000800
0.0262688100 0.0004989800
0.0262532200 0.0004978900
0.0262376300 0.0004967900
0.0262220300 0.0004957000
0.0262064400 0.0004946100
0.0261908400 0.0004935300
0.0261752500 0.0004924500
0.0261596500 0.0004913700
0.0261440600 0.0004902900
0.0261284600 0.0004892200
0.0261128700 0.0004881500
0.0260972800 0.0004870800
0.0260816800 0.0004860200
0.0260660900 0.0004849600
0.0260504900 0.0004839000
0.0260349000 0.0004828400
0.0260193000 0.0004817900
0.0260037100 0.0004807400
0.0259881200 0.0004796900
0.0259725200 0.0004786500
0.0259569300 0.0004776100
0.0259413300 0.0004765700
0.0259257400 0.0004755300
0.0259101400 0.0004745000
0.0258945500 0.0004734700
0.0258789500 0.0004724400
0.0258633600 0.0004714200
0.0258477700 0.0004704000
0.0258321700 0.0004693800
0.0258165800 0.0004683700
0.0258009800 0.0004673500
0.0257853900 0.0004663400
0.0257697900 0.0004653400
0.0257542000 0.0004643300
0.0257386100 0.0004633300
0.0257230100 0.0004623400
0.0257074200 0.0004613400
0.0256918200 0.0004603500
0.0256762300 0.0004593600
0.0256606300 0.0004583700
0.0256450400 0.0004573900
0.0256294400 0.0004564000
0.0256138500 0.0004554300
0.0255982600 0.0004544500
0.0255826600 0.0004534800
0.0255670700 0.0004525100
0.0255514700 0.0004515400
0.0255358800 0.0004505800
0.0255202800 0.0004496200
0.0255046900 0.0004486600
0.0254890900 0.0004477000
0.0254735000 0.0004467500
0.0254579100 0.0004458000
0.0254423100 0.0004448500
0.0254267200 0.0004439100
0.0254111200 0.0004429600
0.0253955300 0.0004420200
0.0253799300 0.0004410900
0.0253643400 0.0004401500
0.0253487500 0.0004392200
0.0253331500 0.0004382900
0.0253175600 0.0004373600
0.0253019600 0.0004364400
0.0252863700 0.0004355100
0.0252707700 0.0004345900
0.0252551800 0.0004336700
0.0252395800 0.0004327500
0.0252239900 0.0004318400
0.0252084000 0.0004309300
0.0251928000 0.0004300200
0.0251772100 0.0004291100
0.0251616100 0.0004282100
0.0251460200 0.0004273100
0.0251304200 0.0004264100
0.0251148300 0.0004255100
0.0250992300 0.0004246200
0.0250836400 0.0004237200
0.0250680500 0.0004228300
0.0250524500 0.0004219500
0.0250368600 0.0004210600
0.0250212600 0.0004201800
0.0250056700 0.0004193000
0.0249900700 0.0004184200
0.0249744800 0.0004175500
0.0249588800 0.0004166700
0.0249432900 0.0004158000
0.0249277000 0.0004149400
0.0249121000 0.0004140700
0.0248965100 0.0004132100
0.0248809100 0.0004123500
0.0248653200 0.0004114900
0.0248497200 0.0004106300
0.0248341300 0.0004097800
0.0248185400 0.0004089300
0.0248029400 0.0004080800
0.0247873500 0.0004072400
0.0247717500 0.0004063900
0.0247561600 0.0004055500
0.0247405600 0.0004047100
0.0247249700 0.0004038800
0.0247093700 0.0004030400
0.0246937800 0.0004022100
0.0246781900 0.0004013800
0.0246625900 0.0004005500
0.0246470000 0.0003997300
0.0246314000 0.0003989100
0.0246158100 0.0003980900
0.0246002100 0.0003972700
0.0245846200 0.0003964500
0.0245690200 0.0003956400
0.0245534300 0.0003948300
0.0245378400 0.0003940200
0.0245222400 0.0003932100
0.0245066500 0.0003924100
0.0244910500 0.0003916000
0.0244754600 0.0003908000
0.0244598600 0.0003900000
0.0244442700 0.0003892100
0.0244286800 0.0003884100
0.0244130800 0.0003876200
0.0243974900 0.0003868300
0.0243818900 0.0003860400
0.0243663000 0.0003852600
0.0243507000 0.0003844700
0.0243351100 0.0003836900
0.0243195100 0.0003829100
0.0243039200 0.0003821300
0.0242883300 0.0003813500
0.0242727300 0.0003805800
0.0242571400 0.0003798000
0.0242415400 0.0003790300
0.0242259500 0.0003782700
0.0242103500 0.0003775000
0.0241947600 0.0003767400
0.0241791600 0.0003759700
0.0241635700 0.0003752200
0.0241479800 0.0003744600
0.0241323800 0.0003737000
0.0241167900 0.0003729500
0.0241011900 0.0003721900
0.0240856000 0.0003714400
0.0240700000 0.0003707000
0.0240544100 0.0003699500
0.0240388200 0.0003692100
0.0240232200 0.0003684600
0.0240076300 0.0003677200
0.0239920300 0.0003669800
0.0239764400 0.0003662500
0.0239608400 0.0003655100
0.0239452500 0.0003647700
0.0239296500 0.0003640400
0.0239140600 0.0003633100
0.0238984700 0.0003625800
0.0238828700 0.0003618500
0.0238672800 0.0003611200
0.0238516800 0.0003604000
0.0238360900 0.0003596800
0.0238204900 0.0003589500
0.0238049000 0.0003582400
0.0237893000 0.0003575200
0.0237737100 0.0003568000
0.0237581200 0.0003560800
0.0237425200 0.0003553700
0.0237269300 0.0003546600
0.0237113300 0.0003539500
0.0236957400 0.0003532400
0.0236801400 0.0003525300
0.0236645500 0.0003518200
0.0236489600 0.0003511200
0.0236333600 0.0003504200
0.0236177700 0.0003497200
0.0236021700 0.0003490100
0.0235865800 0.0003483100
0.0235709800 0.0003476100
0.0235553900 0.0003469200
0.0235397900 0.0003462200
0.0235242000 0.0003455300
0.0235086100 0.0003448400
0.0234930100 0.0003441500
0.0234774200 0.0003434600
0.0234618200 0.0003427700
0.0234462300 0.0003420800
0.0234306300 0.0003413900
0.0234150400 0.0003407100
0.0233994400 0.0003400300
0.0233838500 0.0003393500
0.0233682600 0.0003386700
0.0233526600 0.0003379900
0.0233370700 0.0003373100
0.0233214700 0.0003366300
0.0233058800 0.0003359600
0.0232902800 0.0003352900
0.0232746900 0.0003346200
0.0232591000 0.0003339500
0.0232435000 0.0003332800
0.0232279100 0.0003326100
0.0232123100 0.0003319500
0.0231967200 0.0003312800
0.0231811200 0.0003306300
0.0231655300 0.0003299700
0.0231499300 0.0003293100
0.0231343400 0.0003286500
0.0231187500 0.0003279900
0.0231031500 0.0003273400
0.0230875600 0.0003266900
0.0230719600 0.0003260400
0.0230563700 0.0003253900
0.0230407700 0.0003247400
0.0230251800 0.0003240900
0.0230095800 0.0003234500
0.0229939900 0.0003228100
0.0229784000 0.0003221700
0.0229628000 0.0003215300
0.0229472100 0.0003208900
0.0229316100 0.0003202500
0.0229160200 0.0003196200
0.0229004200 0.0003189900
0.0228848300 0.0003183500
0.0228692400 0.0003177200
0.0228536400 0.0003170900
0.0228380500 0.0003164700
0.0228224500 0.0003158400
0.0228068600 0.0003152200
0.0227912600 0.0003145900
0.0227756700 0.0003139700
0.0227600700 0.0003133500
0.0227444800 0.0003127300
0.0227288900 0.0003121100
0.0227132900 0.0003114900
0.0226977000 0.0003108800
0.0226821000 0.0003102600
0.0226665100 0.0003096500
0.0226509100 0.0003090300
0.0226353200 0.0003084200
0.0226197200 0.0003078200
0.0226041300 0.0003072100
0.0225885400 0.0003066000
0.0225729400 0.0003059900
0.0225573500 0.0003053900
0.0225417500 0.0003047800
0.0225261600 0.0003041800
0.0225105600 0.0003035800
0.0224949700 0.0003029800
0.0224793800 0.0003023800
0.0224637800 0.0003017800
0.0224481900 0.0003011900
0.0224325900 0.0003005900
0.0224170000 0.0003000000
0.0224014000 0.0002994000
0.0223858100 0.0002988100
0.0223702100 0.0002982200
0.0223546200 0.0002976300
0.0223390300 0.0002970500
0.0223234300 0.0002964600
0.0223078400 0.0002958700
0.0222922400 0.0002952900
0.0222766500 0.0002947100
0.0222610500 0.0002941300
0.0222454600 0.0002935500
0.0222298600 0.0002929700
0.0222142700 0.0002923900
0.0221986800 0.0002918100
0.0221830800 0.0002912400
0.0221674900 0.0002906600
0.0221518900 0.0002900900
0.0221363000 0.0002895200
0.0221207000 0.0002889500
0.0221051100 0.0002883800
0.0220895200 0.0002878100
0.0220739200 0.0002872400
0.0220583300 0.0002866800
0.0220427300 0.0002861100
0.0220271400 0.0002855500
0.0220115400 0.0002849900
0.0219959500 0.0002844300
0.0219803500 0.0002838700
0.0219647600 0.0002833100
0.0219491700 0.0002827500
0.0219335700 0.0002822000
0.0219179800 0.0002816400
0.0219023800 0.0002810900
0.0218867900 0.0002805300
0.0218711900 0.0002799800
0.0218556000 0.0002794300
0.0218400000 0.0002788800
0.0218244100 0.0002783400
0.0218088200 0.0002777900
0.0217932200 0.0002772500
0.0217776300 0.0002767000
0.0217620300 0.0002761600
0.0217464400 0.0002756200
0.0217308400 0.0002750800
0.0217152500 0.0002745400
0.0216996600 0.0002740000
0.0216840600 0.0002734700
0.0216684700 0.0002729400
0.0216528700 0.0002724000
0.0216372800 0.0002718700
0.0216216800 0.0002713400
0.0216060900 0.0002708100
0.0215904900 0.0002702800
0.0215749000 0.0002697500
0.0215593100 0.0002692200
0.0215437100 0.0002687000
0.0215281200 0.0002681800
0.0215125200 0.0002676500
0.0214969300 0.0002671300
0.0214813300 0.0002666100
0.0214657400 0.0002660900
0.0214501400 0.0002655800
0.0214345500 0.0002650600
0.0214189600 0.0002645500
0.0214033600 0.0002640300
0.0213877700 0.0002635200
0.0213721700 0.0002630000
0.0213565800 0.0002625000
0.0213409800 0.0002619900
0.0213253900 0.0002614800
0.0213098000 0.0002609700
0.0212942000 0.0002604700
0.0212786100 0.0002599600
0.0212630100 0.0002594600
0.0212474200 0.0002589500
0.0212318200 0.0002584600
0.0212162300 0.0002579500
0.0212006300 0.0002574500
0.0211850400 0.0002569600
0.0211694500 0.0002564600
0.0211538500 0.0002559700
0.0211382600 0.0002554700
0.0211226600 0.0002549800
0.0211070700 0.0002544900
0.0210914700 0.0002540000
0.0210758800 0.0002535100
0.0210602800 0.0002530200
0.0210446900 0.0002525300
0.0210291000 0.0002520500
0.0210135000 0.0002515700
0.0209979100 0.0002510800
0.0209823100 0.0002505900
0.0209667200 0.0002501200
0.0209511200 0.0002496300
0.0209355300 0.0002491500
0.0209199400 0.0002486800
0.0209043400 0.0002482100
0.0208887500 0.0002477300
0.0208731500 0.0002472500
0.0208575600 0.0002467800
0.0208419600 0.0002463100
0.0208263700 0.0002458400
0.0208107700 0.0002453700
0.0207951800 0.0002449000
0.0207795900 0.0002444300
0.0207639900 0.0002439700
0.0207484000 0.0002435000
0.0207328000 0.0002430400
0.0207172100 0.0002425700
0.0207016100 0.0002421100
0.0206860200 0.0002416500
0.0206704300 0.0002412000
0.0206548300 0.0002407400
0.0206392400 0.0002402800
0.0206236400 0.0002398200
0.0206080500 0.0002393700
0.0205924500 0.0002389200
0.0205768600 0.0002384600
0.0205612600 0.0002380100
0.0205456700 0.0002375600
0.0205300700 0.0002371200
0.0205144800 0.0002366700
0.0204988900 0.0002362200
0.0204832900 0.0002357800
0.0204677000 0.0002353300
0.0204521000 0.0002348900
0.0204365100 0.0002344500
0.0204209100 0.0002340100
0.0204053200 0.0002335700
0.0203897300 0.0002331300
0.0203741300 0.0002327000
0.0203585400 0.0002322600
0.0203429400 0.0002318300
0.0203273500 0.0002313900
0.0203117500 0.0002309600
0.0202961600 0.0002305300
0.0202805600 0.0002301000
0.0202649700 0.0002296700
0.0202493800 0.0002292400
0.0202337800 0.0002288200
0.0202181900 0.0002283900
0.0202025900 0.0002279700
0.0201870000 0.0002275400
0.0201714000 0.0002271200
0.0201558100 0.0002267000
0.0201402200 0.0002262800
0.0201246200 0.0002258600
0.0201090300 0.0002254500
0.0200934300 0.0002250200
0.0200778400 0.0002246100
0.0200622400 0.0002241900
0.0200466500 0.0002237800
0.0200310600 0.0002233700
0.0200154600 0.0002229500
0.0199998700 0.0002225400
0.0199842700 0.0002221300
0.0199686800 0.0002217300
0.0199530800 0.0002213100
0.0199374900 0.0002209100
0.0199218900 0.0002205000
0.0199063000 0.0002201000
0.0198907000 0.0002196900
0.0198751100 0.0002192900
0.0198595200 0.0002188900
0.0198439200 0.0002184900
0.0198283300 0.0002180900
0.0198127300 0.0002176900
0.0197971400 0.0002172900
0.0197815400 0.0002168900
0.0197659500 0.0002164900
0.0197503600 0.0002161000
0.0197347600 0.0002157000
0.0197191700 0.0002153100
0.0197035700 0.0002149200
0.0196879800 0.0002145300
0.0196723800 0.0002141300
0.0196567900 0.0002137400
0.0196411900 0.0002133500
0.0196256000 0.0002129700
0.0196100100 0.0002125800
0.0195944100 0.0002121900
0.0195788200 0.0002118100
0.0195632200 0.0002114200
0.0195476300 0.0002110400
0.0195320300 0.0002106600
0.0195164400 0.0002102700
0.0195008400 0.0002098900
0.0194852500 0.0002095100
0.0194696600 0.0002091300
0.0194540600 0.0002087600
0.0194384700 0.0002083800
0.0194228700 0.0002080000
0.0194072800 0.0002076300
0.0193916800 0.0002072500
0.0193760900 0.0002068800
0.0193604900 0.0002065100
0.0193449000 0.0002061300
0.0193293100 0.0002057600
0.0193137100 0.0002053900
0.0192981200 0.0002050200
0.0192825200 0.0002046600
0.0192669300 0.0002042900
0.0192513300 0.0002039200
0.0192357400 0.0002035600
0.0192201500 0.0002031900
0.0192045500 0.0002028300
0.0191889600 0.0002024700
0.0191733600 0.0002021100
0.0191577700 0.0002017400
0.0191421700 0.0002013800
0.0191265800 0.0002010300
0.0191109800 0.0002006700
0.0190953900 0.0002003100
0.0190798000 0.0001999500
0.0190642000 0.0001996000
0.0190486100 0.0001992400
0.0190330100 0.0001988900
0.0190174200 0.0001985300
0.0190018200 0.0001981800
0.0189862300 0.0001978300
0.0189706400 0.0001974800
0.0189550400 0.0001971300
0.0189394500 0.0001967800
0.0189238500 0.0001964300
0.0189082600 0.0001960800
0.0188926600 0.0001957400
0.0188770700 0.0001953900
0.0188614700 0.0001950500
0.0188458800 0.0001947000
0.0188302900 0.0001943600
0.0188146900 0.0001940200
0.0187991000 0.0001936800
0.0187835000 0.0001933300
0.0187679100 0.0001930000
0.0187523100 0.0001926600
0.0187367200 0.0001923200
0.0187211200 0.0001919800
0.0187055300 0.0001916400
0.0186899400 0.0001913100
0.0186743400 0.0001909700
0.0186587500 0.0001906400
0.0186431500 0.0001903100
0.0186275600 0.0001899700
0.0186119600 0.0001896400
0.0185963700 0.0001893100
0.0185807700 0.0001889900
0.0185651800 0.0001886600
0.0185495900 0.0001883300
0.0185339900 0.0001880000
0.0185184000 0.0001876800
0.0185028000 0.0001873500
0.0184872100 0.0001870300
0.0184716100 0.0001867000
0.0184560200 0.0001863800
0.0184404300 0.0001860600
0.0184248300 0.0001857400
0.0184092400 0.0001854200
0.0183936400 0.0001851000
0.0183780500 0.0001847700
0.0183624500 0.0001844500
0.0183468600 0.0001841400
0.0183312600 0.0001838200
0.0183156700 0.0001835000
0.0183000800 0.0001831900
0.0182844800 0.0001828700
0.0182688900 0.0001825600
0.0182532900 0.0001822500
0.0182377000 0.0001819400
0.0182221000 0.0001816300
0.0182065100 0.0001813200
0.0181909100 0.0001810100
0.0181753200 0.0001807000
0.0181597300 0.0001803900
0.0181441300 0.0001800800
0.0181285400 0.0001797800
0.0181129400 0.0001794700
0.0180973500 0.0001791700
0.0180817600 0.0001788700
0.0180661600 0.0001785600
0.0180505700 0.0001782600
0.0180349700 0.0001779600
0.0180193800 0.0001776500
0.0180037800 0.0001773500
0.0179881900 0.0001770600
0.0179725900 0.0001767600
0.0179570000 0.0001764600
0.0179414000 0.0001761600
0.0179258100 0.0001758700
0.0179102200 0.0001755800
0.0178946200 0.0001752800
0.0178790300 0.0001749900
0.0178634300 0.0001746900
0.0178478400 0.0001744000
0.0178322400 0.0001741100
0.0178166500 0.0001738200
0.0178010500 0.0001735300
0.0177854600 0.0001732400
0.0177698700 0.0001729600
0.0177542700 0.0001726800
0.0177386800 0.0001723900
0.0177230800 0.0001721000
0.0177074900 0.0001718100
0.0176918900 0.0001715300
0.0176763000 0.0001712500
0.0176607100 0.0001709700
0.0176451100 0.0001706900
0.0176295200 0.0001704100
0.0176139200 0.0001701300
0.0175983300 0.0001698600
0.0175827300 0.0001695800
0.0175671400 0.0001693000
0.0175515500 0.0001690300
0.0175359500 0.0001687500
0.0175203600 0.0001684800
0.0175047600 0.0001682100
0.0174891700 0.0001679300
0.0174735700 0.0001676600
0.0174579800 0.0001673900
0.0174423800 0.0001671200
0.0174267900 0.0001668600
0.0174112000 0.0001665900
0.0173956000 0.0001663200
0.0173800100 0.0001660500
0.0173644100 0.0001657900
0.0173488200 0.0001655300
0.0173332300 0.0001652700
0.0173176300 0.0001650000
0.0173020400 0.0001647400
0.0172864400 0.0001644800
0.0172708500 0.0001642200
0.0172552500 0.0001639700
0.0172396600 0.0001637000
0.0172240600 0.0001634500
0.0172084700 0.0001631900
0.0171928700 0.0001629400
0.0171772800 0.0001626900
0.0171616900 0.0001624400
0.0171460900 0.0001621800
0.0171305000 0.0001619300
0.0171149000 0.0001616800
0.0170993100 0.0001614400
0.0170837100 0.0001611900
0.0170681200 0.0001609500
0.0170525300 0.0001607000
0.0170369300 0.0001604600
0.0170213400 0.0001602100
0.0170057400 0.0001599700
0.0169901500 0.0001597300
0.0169745500 0.0001594900
0.0169589600 0.0001592500
0.0169433600 0.0001590100
0.0169277700 0.0001587800
0.0169121700 0.0001585400
0.0168965800 0.0001583100
0.0168809900 0.0001580700
0.0168653900 0.0001578400
0.0168498000 0.0001576100
0.0168342000 0.0001573800
0.0168186100 0.0001571500
0.0168030100 0.0001569200
0.0167874200 0.0001566900
0.0167718300 0.0001564600
0.0167562300 0.0001562300
0.0167406400 0.0001560200
0.0167250400 0.0001557800
0.0167094500 0.0001555600
0.0166938600 0.0001553400
0.0166782600 0.0001551200
0.0166626700 0.0001549000
0.0166470700 0.0001546800
0.0166314800 0.0001544600
0.0166158800 0.0001542400
0.0166002900 0.0001540200
0.0165846900 0.0001538000
0.0165691000 0.0001535900
0.0165535100 0.0001533800
0.0165379100 0.0001531700
0.0165223200 0.0001529500
0.0165067200 0.0001527400
0.0164911300 0.0001525300
0.0164755300 0.0001523200
0.0164599400 0.0001521100
0.0164443400 0.0001519000
0.0164287500 0.0001516900
0.0164131600 0.0001514900
0.0163975600 0.0001512800
0.0163819600 0.0001510700
0.0163663700 0.0001508700
0.0163507800 0.0001506700
0.0163351800 0.0001504700
0.0163195900 0.0001502600
0.0163039900 0.0001500600
0.0162884000 0.0001498600
0.0162728000 0.0001496600
0.0162572100 0.0001494700
0.0162416200 0.0001492700
0.0162260200 0.0001490700
0.0162104300 0.0001488800
0.0161948300 0.0001486800
0.0161792400 0.0001484900
0.0161636400 0.0001483000
0.0161480500 0.0001481100
0.0161324500 0.0001479200
0.0161168600 0.0001477300
0.0161012700 0.0001475500
0.0160856700 0.0001473600
0.0160700800 0.0001471700
0.0160544800 0.0001469900
0.0160388900 0.0001468100
0.0160232900 0.0001466200
0.0160077000 0.0001464500
0.0159921100 0.0001462700
0.0159765200 0.0001460900
0.0159609200 0.0001459100
0.0159453200 0.0001457300
0.0159297300 0.0001455500
0.0159141300 0.0001453800
0.0158985400 0.0001452000
0.0158829400 0.0001450300
0.0158673500 0.0001448600
0.0158517600 0.0001446900
0.0158361600 0.0001445200
0.0158205700 0.0001443500
0.0158049700 0.0001441800
0.0157893800 0.0001440100
0.0157737800 0.0001438400
0.0157581900 0.0001436800
0.0157425900 0.0001435100
0.0157270000 0.0001433500
0.0157114100 0.0001431900
0.0156958100 0.0001430200
0.0156802200 0.0001428700
0.0156646200 0.0001427000
0.0156490300 0.0001425500
0.0156334300 0.0001423900
0.0156178400 0.0001422300
0.0156022400 0.0001420700
0.0155866500 0.0001419100
0.0155710600 0.0001417600
0.0155554700 0.0001416100
0.0155398700 0.0001414600
0.0155242700 0.0001413000
0.0155086800 0.0001411500
0.0154930900 0.0001410000
0.0154774900 0.0001408500
0.0154619000 0.0001407000
0.0154463000 0.0001405500
0.0154307100 0.0001404000
0.0154151200 0.0001402600
0.0153995200 0.0001401100
0.0153839200 0.0001399600
0.0153683300 0.0001398200
0.0153527400 0.0001396700
0.0153371400 0.0001395300
0.0153215500 0.0001393900
0.0153059600 0.0001392500
0.0152903600 0.0001391100
0.0152747600 0.0001389700
0.0152591700 0.0001388300
0.0152435800 0.0001386900
0.0152279800 0.0001385500
0.0152123900 0.0001384200
0.0151968000 0.0001382800
0.0151812000 0.0001381500
0.0151656000 0.0001380100
0.0151500100 0.0001378700
0.0151344100 0.0001377400
0.0151188200 0.0001376100
0.0151032300 0.0001374800
0.0150876300 0.0001373500
0.0150720400 0.0001372200
0.0150564400 0.0001370900
0.0150408500 0.0001369600
0.0150252500 0.0001368300
0.0150096600 0.0001367000
0.0149940700 0.0001365900
0.0149784800 0.0001364600
0.0149628800 0.0001363300
0.0149472900 0.0001362100
0.0149316900 0.0001360900
0.0149161000 0.0001359600
0.0149005000 0.0001358400
0.0148849100 0.0001357200
0.0148693100 0.0001356000
0.0148537200 0.0001354800
0.0148381200 0.0001353700
0.0148225300 0.0001352500
0.0148069400 0.0001351300
0.0147913400 0.0001350200
0.0147757500 0.0001349000
0.0147601500 0.0001347900
0.0147445600 0.0001346700
0.0147289600 0.0001345600
0.0147133700 0.0001344500
0.0146977800 0.0001343400
0.0146821800 0.0001342300
0.0146665900 0.0001341200
0.0146509900 0.0001340100
0.0146353900 0.0001339000
0.0146198000 0.0001337900
0.0146042100 0.0001336800
0.0145886100 0.0001335800
0.0145730200 0.0001334700
0.0145574200 0.0001333600
0.0145418300 0.0001332600
0.0145262400 0.0001331700
0.0145106400 0.0001330600
0.0144950400 0.0001329600
0.0144794500 0.0001328600
0.0144638500 0.0001327600
0.0144482600 0.0001326600
0.0144326600 0.0001325600
0.0144170700 0.0001324700
0.0144014800 0.0001323700
0.0143858800 0.0001322800
0.0143702900 0.0001321900
0.0143546900 0.0001320900
0.0143391000 0.0001320000
0.0143235100 0.0001319100
0.0143079200 0.0001318200
0.0142923100 0.0001317200
0.0142767200 0.0001316400
0.0142611300 0.0001315500
0.0142455300 0.0001314600
0.0142299400 0.0001313700
0.0142143400 0.0001312900
0.0141987500 0.0001312000
0.0141831500 0.0001311200
0.0141675700 0.0001310400
0.0141519700 0.0001309500
0.0141363700 0.0001308700
0.0141207800 0.0001307800
0.0141051900 0.0001307100
0.0140896000 0.0001306300
0.0140739900 0.0001305400
0.0140584000 0.0001304700
0.0140428100 0.0001303900
0.0140272200 0.0001303100
0.0140116200 0.0001302400
0.0139960300 0.0001301600
0.0139804300 0.0001300800
0.0139648400 0.0001300100
0.0139492400 0.0001299400
0.0139336500 0.0001298600
0.0139180500 0.0001297900
0.0139024600 0.0001297200
0.0138868600 0.0001296500
0.0138712700 0.0001295800
0.0138556700 0.0001295100
0.0138400800 0.0001294400
0.0138244800 0.0001293700
0.0138088900 0.0001293100
0.0137932900 0.0001292400
0.0137777000 0.0001291800
0.0137621100 0.0001291100
0.0137465100 0.0001290500
0.0137309200 0.0001289800
0.0137153200 0.0001289200
0.0136997300 0.0001288600
0.0136841300 0.0001288000
0.0136685400 0.0001287400
0.0136529400 0.0001286800
0.0136373500 0.0001286200
0.0136217600 0.0001285600
0.0136061600 0.0001285100
0.0135905700 0.0001284500
0.0135749700 0.0001284000
0.0135593800 0.0001283400
0.0135437800 0.0001282900
0.0135281900 0.0001282400
0.0135126000 0.0001281900
0.0134970000 0.0001281400
0.0134814100 0.0001280800
0.0134658100 0.0001280400
0.0134502200 0.0001279900
0.0134346200 0.0001279400
0.0134190300 0.0001278900
0.0134034300 0.0001278400
0.0133878500 0.0001278000
0.0133722700 0.0001277600
0.0133566500 0.0001277100
0.0133410600 0.0001276700
0.0133254700 0.0001276300
0.0133098700 0.0001275800
0.0132942900 0.0001275400
0.0132786800 0.0001275000
0.0132630900 0.0001274600
0.0132474900 0.0001274200
0.0132319000 0.0001273800
0.0132163000 0.0001273500
0.0132007100 0.0001273100
0.0131851100 0.0001272800
0.0131695200 0.0001272400
0.0131539300 0.0001272100
0.0131383300 0.0001271700
0.0131227500 0.0001271400
0.0131071400 0.0001271100
0.0130915500 0.0001270800
0.0130759500 0.0001270500
0.0130603600 0.0001270200
0.0130447700 0.0001269900
0.0130291700 0.0001269600
0.0130135700 0.0001269300
0.0129980100 0.0001269100
0.0129823900 0.0001268800
0.0129667900 0.0001268600
0.0129512100 0.0001268300
0.0129356000 0.0001268100
0.0129200100 0.0001267900
0.0129044100 0.0001267600
0.0128888200 0.0001267400
0.0128732200 0.0001267200
0.0128576300 0.0001267000
0.0128420400 0.0001266800
0.0128264800 0.0001266700
0.0128108500 0.0001266500
0.0127952500 0.0001266300
0.0127796600 0.0001266100
0.0127640700 0.0001266000
0.0127485000 0.0001265900
0.0127328800 0.0001265700
0.0127173500 0.0001265600
0.0127016900 0.0001265500
0.0126860900 0.0001265300
0.0126705000 0.0001265200
0.0126555200 0.0001265200
0.0126432200 0.0001265100
0.0126237500 0.0001265000
0.0126081600 0.0001264900
0.0125927700 0.0001264800
0.0125780200 0.0001264800
0.0125633900 0.0001264800
0.0125499800 0.0001264700
0.0125389800 0.0001264700
0.0125166100 0.0001264700
0.0125055100 0.0001264600
