2.288998336844442 367.4619374809141 
2.265899014061765 359.5813577690059 
2.242799691279088 351.7862660933098 
2.21970036849641 344.0766629080919 
2.196601045713733 336.4525489671164 
2.173501722931056 328.9139215087555 
2.150402400148379 321.4607804108709 
2.127303077365701 314.0931290128875 
2.104203754583024 306.8109657782326 
2.081104431800347 299.6142903175367 
2.05800510901767 292.5031033053661 
2.034905786234992 285.4774042694235 
2.011806463452315 278.5371934322268 
1.988707140669638 271.6824703705857 
1.965607817886961 264.9132356061854 
1.942508495104283 258.2294895710958 
1.919409172321606 251.6312303055901 
1.896309849538929 245.1184610420997 
1.873210526756252 238.6911773023204 
1.850111203973575 232.3493828930529 
1.827011881190897 226.0930766162997 
1.80391255840822 219.9222584223863 
1.780813235625543 213.8369282570602 
1.757713912842866 207.8370863239673 
1.734614590060188 201.9227323027915 
1.711515267277511 196.0938664566785 
1.688415944494834 190.3504894623166 
1.665316621712157 184.6925986434102 
1.642217298929479 179.1201970252644 
1.619117976146802 173.6332834897059 
1.596018653364125 168.2318576715252 
1.572919330581448 162.915921304922 
1.54982000779877 157.6854553471152 
1.526720685016093 152.5404456499192 
1.503621362233416 147.4808920339206 
1.480522039450739 142.5067941601493 
1.457422716668062 137.6181522562265 
1.434323393885384 132.8149659881522 
1.411224071102707 128.0972356068993 
1.38812474832003 123.4649610390406 
1.365025425537353 118.9181423464029 
1.341926102754675 114.4567794022045 
1.318826779971998 110.0808722842315 
1.295727457189321 105.7904209929015 
1.272628134406644 101.5854254579215 
1.249528811623966 97.46588578317068 
1.226429488841289 93.43180190114957 
1.203330166058612 89.48317382858249 
1.180230843275935 85.62000157798526 
1.157131520493258 81.84228514805959 
1.13403219771058 78.15002452973798 
1.110932874927903 74.54321973594466 
1.087833552145226 71.02187073284027 
1.064734229362549 67.58597755703524 
1.041634906579871 64.23554017259256 
1.018535583797194 60.97055861671782 
0.995436261014517 57.7910330157342 
0.9723369382318399 54.69696308751295 
0.9492376154491627 51.68834884239759 
0.9261382926664856 48.76519053268071 
0.9030389698838085 45.92748804537757 
0.8799396471011314 43.17524136063863 
0.8568403243184542 40.50845049682082 
0.8337410015357771 37.92711545660207 
0.8106416787531 35.43123621483501 
0.7875423559704229 33.0208127802879 
0.7644430331877458 30.69584517142388 
0.7413437104050686 28.45633337175666 
0.7182443876223915 26.30227738763642 
0.6951450648397144 24.23367721516505 
0.6720457420570373 22.25053285233386 
0.6489464192743601 20.35284430492172 
0.625847096491683 18.54061157106372 
0.6027477737090059 16.8138346711755 
0.5796484509263288 15.17251354934784 
0.5565491281436517 13.61664825231399 
0.5334498053609745 12.14623876623411 
0.5103504825782974 10.76128509786473 
0.4872511597956202 9.461787245718865 
0.464151837012943 8.247745202022315 
0.4410525142302659 7.119158971280859 
0.4179531914475887 6.076028555193368 
0.3948538686649115 5.118353952341805 
0.3717545458822343 4.246135162199393 
0.3486552230995572 3.459372187139098 
0.32555590031688 2.758065022619751 
0.3024565775342028 2.142213670603226 
0.2793572547515256 1.611818134154971 
0.2562579319688484 1.16687840805557 
0.2331586091861713 0.8073944972708135 
0.2100592864034941 0.5324975568320882 
0.186959963620817 0.3287942612712242 
0.1638606408381398 0.1852677641322855 
0.1407613180554627 0.08859366219420081 
0.1176619952727855 0.03305854643587571 
0.09456267249010836 0.01011479381760383 
0.07146334970743119 0.002578883362924283 
0.04836402692475403 0.0004530879056752344 
0.02526470414207687 3.308534068780661e-05 
0.002165381359399705 2.322131175930127e-09 
 