  0.1850298159  1.7490306395
  0.1831825169  1.6270204599
  0.1813352180  1.5098268313
  0.1794879190  1.3974497522
  0.1776406201  1.2898892300
  0.1757933211  1.1871452450
  0.1739460222  1.0892178124
  0.1720987232  0.9961069356
  0.1702514243  0.9078126097
  0.1684041253  0.8243348346
  0.1665568264  0.7456736103
  0.1647095275  0.6718289369
  0.1628622285  0.6028008143
  0.1610149296  0.5385892426
  0.1591676306  0.4791942219
  0.1573203317  0.4246157522
  0.1554730327  0.3748538339
  0.1536257338  0.3299084674
  0.1517784348  0.2897796422
  0.1499311359  0.2544673748
  0.1480838369  0.2239716582
  0.1462365380  0.1982924925
  0.1443892390  0.1772834688
  0.1425419401  0.1596208210
  0.1406946411  0.1449881330
  0.1388473422  0.1332589550
  0.1370000433  0.1233119624
  0.1351527443  0.1141037228
  0.1333054454  0.1054482668
  0.1314581464  0.0973430004
  0.1296108475  0.0897879213
  0.1277635485  0.0827830310
  0.1259162496  0.0763283291
  0.1240689506  0.0704238165
  0.1222216517  0.0650694926
  0.1203743527  0.0602653528
  0.1185270538  0.0560113863
  0.1166797548  0.0521886240
  0.1148324559  0.0486569255
  0.1129851569  0.0453121962
  0.1111378580  0.0421440303
  0.1092905591  0.0391521665
  0.1074432601  0.0363232278
  0.1055959612  0.0336402469
  0.1037486622  0.0311009041
  0.1019013633  0.0287051993
  0.1000540643  0.0264514417
  0.0982067654  0.0243294348
  0.0963594664  0.0223374729
  0.0945121675  0.0204755471
  0.0926648685  0.0187385976
  0.0908175696  0.0171188276
  0.0889702706  0.0156074754
  0.0871229717  0.0142040103
  0.0852756727  0.0129084321
  0.0834283738  0.0117207416
  0.0815810749  0.0106409387
  0.0797337759  0.0096688497
  0.0778864770  0.0088013472
  0.0760391780  0.0080215717
  0.0741918791  0.0072944220
  0.0723445801  0.0066141415
  0.0704972812  0.0059802236
  0.0686499822  0.0053921348
  0.0668026833  0.0048491136
  0.0649553843  0.0043511464
  0.0631080854  0.0038966413
  0.0612607864  0.0034825844
  0.0594134875  0.0031079418
  0.0575661885  0.0027721508
  0.0557188896  0.0024747182
  0.0538715907  0.0022130305
  0.0520242917  0.0019794636
  0.0501769928  0.0017682831
  0.0483296938  0.0015758973
  0.0464823949  0.0014009679
  0.0446350959  0.0012418993
  0.0427877970  0.0010949239
  0.0409404980  0.0009595535
  0.0390931991  0.0008359088
  0.0372459001  0.0007239439
  0.0353986012  0.0006236956
  0.0335513022  0.0005354351
  0.0317040033  0.0004579694
  0.0298567044  0.0003900281
  0.0280094054  0.0003299463
  0.0261621065  0.0002779222
  0.0243148075  0.0002348571
  0.0224675086  0.0001974010
  0.0206202096  0.0001631978
  0.0187729107  0.0001322490
  0.0169256117  0.0001045470
  0.0150783128  0.0000800989
  0.0132310138  0.0000589018
  0.0113837149  0.0000409579
  0.0095364159  0.0000262613
  0.0076891170  0.0000148214
  0.0058418180  0.0000066291
  0.0039945191  0.0000016885
  0.0021472202  0.0000000034
