  0.0376087239  0.0320840222
  0.0372502832  0.0204476368
  0.0368918425  0.0142714305
  0.0365334019  0.0101526194
  0.0361749612  0.0073279992
  0.0358165206  0.0057975669
  0.0354580799  0.0052285641
  0.0350996393  0.0048433455
  0.0347411986  0.0045051986
  0.0343827579  0.0041995198
  0.0340243173  0.0039263106
  0.0336658766  0.0036841834
  0.0333074360  0.0034630443
  0.0329489953  0.0032608789
  0.0325905547  0.0030756676
  0.0322321140  0.0029024952
  0.0318736734  0.0027401874
  0.0315152327  0.0025887456
  0.0311567920  0.0024481471
  0.0307983514  0.0023173902
  0.0304399107  0.0021954922
  0.0300814701  0.0020805666
  0.0297230294  0.0019721483
  0.0293645888  0.0018698205
  0.0290061481  0.0017735660
  0.0286477075  0.0016833730
  0.0282892668  0.0015985396
  0.0279308261  0.0015186673
  0.0275723855  0.0014437577
  0.0272139448  0.0013738105
  0.0268555042  0.0013086228
  0.0264970635  0.0012480234
  0.0261386229  0.0011920602
  0.0257801822  0.0011398848
  0.0254217416  0.0010908473
  0.0250633009  0.0010449554
  0.0247048602  0.0010019417
  0.0243464196  0.0009610742
  0.0239879789  0.0009220863
  0.0236295383  0.0008849703
  0.0232710976  0.0008497262
  0.0229126570  0.0008163532
  0.0225542163  0.0007848728
  0.0221957756  0.0007552922
  0.0218373350  0.0007275653
  0.0214788943  0.0007013343
  0.0211204537  0.0006756141
  0.0207620130  0.0006503771
  0.0204035724  0.0006256152
  0.0200451317  0.0006013385
  0.0196866911  0.0005775392
  0.0193282504  0.0005542250
  0.0189698097  0.0005313844
  0.0186113691  0.0005090276
  0.0182529284  0.0004871518
  0.0178944878  0.0004657556
  0.0175360471  0.0004448397
  0.0171776065  0.0004244045
  0.0168191658  0.0004044485
  0.0164607252  0.0003849745
  0.0161022845  0.0003659811
  0.0157438438  0.0003474681
  0.0153854032  0.0003294351
  0.0150269625  0.0003118854
  0.0146685219  0.0002948120
  0.0143100812  0.0002782219
  0.0139516406  0.0002621115
  0.0135931999  0.0002464814
  0.0132347593  0.0002313319
  0.0128763186  0.0002166627
  0.0125178779  0.0002024739
  0.0121594373  0.0001887656
  0.0118009966  0.0001755391
  0.0114425560  0.0001627873
  0.0110841153  0.0001505205
  0.0107256747  0.0001387342
  0.0103672340  0.0001274283
  0.0100087933  0.0001166029
  0.0096503527  0.0001062584
  0.0092919120  0.0000963958
  0.0089334714  0.0000870088
  0.0085750307  0.0000781051
  0.0082165901  0.0000696820
  0.0078581494  0.0000617392
  0.0074997088  0.0000542769
  0.0071412681  0.0000472958
  0.0067828274  0.0000407939
  0.0064243868  0.0000347731
  0.0060659461  0.0000292330
  0.0057075055  0.0000241733
  0.0053490648  0.0000195944
  0.0049906242  0.0000154956
  0.0046321835  0.0000118793
  0.0042737429  0.0000087392
  0.0039153022  0.0000060817
  0.0035568615  0.0000039065
  0.0031984209  0.0000022079
  0.0028399802  0.0000009976
  0.0024815396  0.0000002597
  0.0021230989  0.0000000008
