0.0775115000 0.0847650400
0.0774788800 0.0845923800
0.0774462600 0.0844199500
0.0774136500 0.0842477700
0.0773810300 0.0840758200
0.0773484100 0.0839041100
0.0773158000 0.0837326400
0.0772831800 0.0835614000
0.0772505700 0.0833904100
0.0772179500 0.0832196500
0.0771853300 0.0830491300
0.0771527200 0.0828788400
0.0771201000 0.0827088000
0.0770874800 0.0825389900
0.0770548700 0.0823694300
0.0770222500 0.0822001000
0.0769896400 0.0820310000
0.0769570200 0.0818621500
0.0769244000 0.0816935300
0.0768917900 0.0815251500
0.0768591700 0.0813570100
0.0768265500 0.0811891100
0.0767939400 0.0810214500
0.0767613200 0.0808540200
0.0767287000 0.0806868300
0.0766960900 0.0805198800
0.0766634700 0.0803531700
0.0766308600 0.0801866900
0.0765982400 0.0800204600
0.0765656200 0.0798544600
0.0765330100 0.0796887000
0.0765003900 0.0795231700
0.0764677700 0.0793578900
0.0764351600 0.0791928400
0.0764025400 0.0790280400
0.0763699300 0.0788634600
0.0763373100 0.0786991300
0.0763046900 0.0785350400
0.0762720800 0.0783711800
0.0762394600 0.0782075600
0.0762068400 0.0780441800
0.0761742300 0.0778810400
0.0761416100 0.0777181300
0.0761089900 0.0775554700
0.0760763800 0.0773930400
0.0760437600 0.0772308500
0.0760111500 0.0770688900
0.0759785300 0.0769071800
0.0759459100 0.0767457000
0.0759133000 0.0765844500
0.0758806800 0.0764234500
0.0758480600 0.0762626900
0.0758154500 0.0761021600
0.0757828300 0.0759418800
0.0757502200 0.0757818300
0.0757176000 0.0756220200
0.0756849800 0.0754624400
0.0756523700 0.0753031100
0.0756197500 0.0751440100
0.0755871300 0.0749851500
0.0755545200 0.0748265300
0.0755219000 0.0746681500
0.0754892900 0.0745100000
0.0754566700 0.0743520900
0.0754240500 0.0741944200
0.0753914400 0.0740369900
0.0753588200 0.0738797800
0.0753262000 0.0737227700
0.0752935900 0.0735659600
0.0752609700 0.0734093600
0.0752283500 0.0732529600
0.0751957400 0.0730967600
0.0751631200 0.0729407600
0.0751305100 0.0727849600
0.0750978900 0.0726293700
0.0750652700 0.0724739800
0.0750326600 0.0723187900
0.0750000400 0.0721638100
0.0749674200 0.0720090300
0.0749348100 0.0718544600
0.0749021900 0.0717000800
0.0748695800 0.0715459100
0.0748369600 0.0713919400
0.0748043400 0.0712381700
0.0747717300 0.0710846100
0.0747391100 0.0709312500
0.0747064900 0.0707780900
0.0746738800 0.0706251400
0.0746412600 0.0704723900
0.0746086400 0.0703198400
0.0745760300 0.0701675000
0.0745434100 0.0700153500
0.0745108000 0.0698634100
0.0744781800 0.0697116800
0.0744455600 0.0695601400
0.0744129500 0.0694088100
0.0743803300 0.0692576800
0.0743477100 0.0691067600
0.0743151000 0.0689560300
0.0742824800 0.0688055100
0.0742498700 0.0686552000
0.0742172500 0.0685050800
0.0741846300 0.0683551700
0.0741520200 0.0682054600
0.0741194000 0.0680559600
0.0740867800 0.0679066500
0.0740541700 0.0677575500
0.0740215500 0.0676086600
0.0739889300 0.0674599600
0.0739563200 0.0673114700
0.0739237000 0.0671631800
0.0738910900 0.0670151000
0.0738584700 0.0668672200
0.0738258500 0.0667195400
0.0737932400 0.0665720600
0.0737606200 0.0664247900
0.0737280000 0.0662777100
0.0736953900 0.0661308500
0.0736627700 0.0659841800
0.0736301600 0.0658377200
0.0735975400 0.0656914600
0.0735649200 0.0655454000
0.0735323100 0.0653995500
0.0734996900 0.0652539000
0.0734670700 0.0651084500
0.0734344600 0.0649632000
0.0734018400 0.0648181600
0.0733692300 0.0646733200
0.0733366100 0.0645286800
0.0733039900 0.0643842400
0.0732713800 0.0642400000
0.0732387600 0.0640959700
0.0732061400 0.0639521300
0.0731735300 0.0638084900
0.0731409100 0.0636650500
0.0731082900 0.0635218200
0.0730756800 0.0633787800
0.0730430600 0.0632359500
0.0730104500 0.0630933100
0.0729778300 0.0629508800
0.0729452100 0.0628086400
0.0729126000 0.0626666100
0.0728799800 0.0625247800
0.0728473600 0.0623831500
0.0728147500 0.0622417100
0.0727821300 0.0621004800
0.0727495200 0.0619594500
0.0727169000 0.0618186200
0.0726842800 0.0616779900
0.0726516700 0.0615375600
0.0726190500 0.0613973300
0.0725864300 0.0612572900
0.0725538200 0.0611174600
0.0725212000 0.0609778300
0.0724885800 0.0608384000
0.0724559700 0.0606991800
0.0724233500 0.0605601500
0.0723907400 0.0604213200
0.0723581200 0.0602826900
0.0723255000 0.0601442700
0.0722928900 0.0600060400
0.0722602700 0.0598680200
0.0722276500 0.0597301900
0.0721950400 0.0595925700
0.0721624200 0.0594551400
0.0721298100 0.0593179200
0.0720971900 0.0591809000
0.0720645700 0.0590440700
0.0720319600 0.0589074500
0.0719993400 0.0587710300
0.0719667200 0.0586348100
0.0719341100 0.0584987800
0.0719014900 0.0583629600
0.0718688700 0.0582273400
0.0718362600 0.0580919200
0.0718036400 0.0579567000
0.0717710300 0.0578216800
0.0717384100 0.0576868700
0.0717057900 0.0575522500
0.0716731800 0.0574178300
0.0716405600 0.0572836100
0.0716079400 0.0571495900
0.0715753300 0.0570157700
0.0715427100 0.0568821600
0.0715101000 0.0567487400
0.0714774800 0.0566155300
0.0714448600 0.0564825100
0.0714122500 0.0563497000
0.0713796300 0.0562170800
0.0713470100 0.0560846700
0.0713144000 0.0559524500
0.0712817800 0.0558204400
0.0712491700 0.0556886300
0.0712165500 0.0555570200
0.0711839300 0.0554256000
0.0711513200 0.0552943900
0.0711187000 0.0551633800
0.0710860800 0.0550325700
0.0710534700 0.0549019600
0.0710208500 0.0547715500
0.0709882300 0.0546413400
0.0709556200 0.0545113300
0.0709230000 0.0543815200
0.0708903900 0.0542519100
0.0708577700 0.0541225100
0.0708251500 0.0539933000
0.0707925400 0.0538642900
0.0707599200 0.0537354900
0.0707273000 0.0536068800
0.0706946900 0.0534784700
0.0706620700 0.0533502700
0.0706294600 0.0532222600
0.0705968400 0.0530944600
0.0705642200 0.0529668500
0.0705316100 0.0528394500
0.0704989900 0.0527122500
0.0704663700 0.0525852400
0.0704337600 0.0524584400
0.0704011400 0.0523318400
0.0703685200 0.0522054400
0.0703359100 0.0520792400
0.0703032900 0.0519532400
0.0702706800 0.0518274300
0.0702380600 0.0517018400
0.0702054400 0.0515764400
0.0701728300 0.0514512400
0.0701402100 0.0513262400
0.0701075900 0.0512014400
0.0700749800 0.0510768400
0.0700423600 0.0509524400
0.0700097500 0.0508282500
0.0699771300 0.0507042500
0.0699445100 0.0505804500
0.0699119000 0.0504568600
0.0698792800 0.0503334600
0.0698466600 0.0502102700
0.0698140500 0.0500872700
0.0697814300 0.0499644800
0.0697488100 0.0498418800
0.0697162000 0.0497194900
0.0696835800 0.0495973000
0.0696509700 0.0494753100
0.0696183500 0.0493535100
0.0695857300 0.0492319200
0.0695531200 0.0491105300
0.0695205000 0.0489893400
0.0694878800 0.0488683500
0.0694552700 0.0487475600
0.0694226500 0.0486269700
0.0693900400 0.0485065800
0.0693574200 0.0483863900
0.0693248000 0.0482664000
0.0692921900 0.0481466100
0.0692595700 0.0480270300
0.0692269500 0.0479076400
0.0691943400 0.0477884500
0.0691617200 0.0476694600
0.0691291100 0.0475506800
0.0690964900 0.0474321000
0.0690638700 0.0473137100
0.0690312600 0.0471955300
0.0689986400 0.0470775400
0.0689660200 0.0469597600
0.0689334100 0.0468421700
0.0689007900 0.0467247900
0.0688681700 0.0466076100
0.0688355600 0.0464906200
0.0688029400 0.0463738400
0.0687703300 0.0462572600
0.0687377100 0.0461408800
0.0687050900 0.0460247000
0.0686724800 0.0459087200
0.0686398600 0.0457929400
0.0686072400 0.0456773600
0.0685746300 0.0455619800
0.0685420100 0.0454468000
0.0685094000 0.0453318300
0.0684767800 0.0452170500
0.0684441600 0.0451024700
0.0684115500 0.0449881000
0.0683789300 0.0448739200
0.0683463100 0.0447599400
0.0683137000 0.0446461700
0.0682810800 0.0445325900
0.0682484600 0.0444192200
0.0682158500 0.0443060400
0.0681832300 0.0441930700
0.0681506200 0.0440803000
0.0681180000 0.0439677200
0.0680853800 0.0438553500
0.0680527700 0.0437431800
0.0680201500 0.0436312100
0.0679875300 0.0435194300
0.0679549200 0.0434078600
0.0679223000 0.0432964900
0.0678896900 0.0431853200
0.0678570700 0.0430743500
0.0678244500 0.0429635800
0.0677918400 0.0428530100
0.0677592200 0.0427426400
0.0677266000 0.0426324700
0.0676939900 0.0425225100
0.0676613700 0.0424127400
0.0676287500 0.0423031700
0.0675961400 0.0421938000
0.0675635200 0.0420846400
0.0675309100 0.0419756700
0.0674982900 0.0418669100
0.0674656700 0.0417583400
0.0674330600 0.0416499800
0.0674004400 0.0415418100
0.0673678200 0.0414338500
0.0673352100 0.0413260800
0.0673025900 0.0412185200
0.0672699800 0.0411111600
0.0672373600 0.0410040000
0.0672047400 0.0408970400
0.0671721300 0.0407902700
0.0671395100 0.0406837100
0.0671068900 0.0405773500
0.0670742800 0.0404711900
0.0670416600 0.0403652300
0.0670090500 0.0402594700
0.0669764300 0.0401539100
0.0669438100 0.0400485600
0.0669112000 0.0399434000
0.0668785800 0.0398384400
0.0668459600 0.0397336800
0.0668133500 0.0396291300
0.0667807300 0.0395247700
0.0667481100 0.0394206200
0.0667155000 0.0393166600
0.0666828800 0.0392129000
0.0666502700 0.0391093500
0.0666176500 0.0390060000
0.0665850300 0.0389028400
0.0665524200 0.0387998900
0.0665198000 0.0386971400
0.0664871800 0.0385945800
0.0664545700 0.0384922300
0.0664219500 0.0383900800
0.0663893400 0.0382881300
0.0663567200 0.0381863800
0.0663241000 0.0380848300
0.0662914900 0.0379834800
0.0662588700 0.0378823300
0.0662262500 0.0377813800
0.0661936400 0.0376806300
0.0661610200 0.0375800800
0.0661284000 0.0374797300
0.0660957900 0.0373795800
0.0660631700 0.0372796400
0.0660305600 0.0371798900
0.0659979400 0.0370803400
0.0659653200 0.0369810000
0.0659327100 0.0368818500
0.0659000900 0.0367829100
0.0658674700 0.0366841600
0.0658348600 0.0365856200
0.0658022400 0.0364872700
0.0657696300 0.0363891300
0.0657370100 0.0362911900
0.0657043900 0.0361934400
0.0656717800 0.0360959000
0.0656391600 0.0359985600
0.0656065400 0.0359014200
0.0655739300 0.0358044800
0.0655413100 0.0357077400
0.0655086900 0.0356112000
0.0654760800 0.0355148600
0.0654434600 0.0354187200
0.0654108500 0.0353227800
0.0653782300 0.0352270400
0.0653456100 0.0351315000
0.0653130000 0.0350361600
0.0652803800 0.0349410300
0.0652477600 0.0348460900
0.0652151500 0.0347513500
0.0651825300 0.0346568200
0.0651499200 0.0345624800
0.0651173000 0.0344683500
0.0650846800 0.0343744100
0.0650520700 0.0342806800
0.0650194500 0.0341871400
0.0649868300 0.0340938100
0.0649542200 0.0340006800
0.0649216000 0.0339077400
0.0648889900 0.0338150100
0.0648563700 0.0337224800
0.0648237500 0.0336301500
0.0647911400 0.0335380200
0.0647585200 0.0334460900
0.0647259000 0.0333543600
0.0646932900 0.0332628300
0.0646606700 0.0331715000
0.0646280500 0.0330803700
0.0645954400 0.0329894400
0.0645628200 0.0328987100
0.0645302100 0.0328081800
0.0644975900 0.0327178500
0.0644649700 0.0326277300
0.0644323600 0.0325378000
0.0643997400 0.0324480700
0.0643671200 0.0323585500
0.0643345100 0.0322692200
0.0643018900 0.0321801000
0.0642692800 0.0320911700
0.0642366600 0.0320024500
0.0642040400 0.0319139300
0.0641714300 0.0318256000
0.0641388100 0.0317374800
0.0641061900 0.0316495600
0.0640735800 0.0315618400
0.0640409600 0.0314743100
0.0640083400 0.0313869900
0.0639757300 0.0312998700
0.0639431100 0.0312129500
0.0639105000 0.0311262300
0.0638778800 0.0310397100
0.0638452600 0.0309533900
0.0638126500 0.0308672700
0.0637800300 0.0307813600
0.0637474100 0.0306956400
0.0637148000 0.0306101200
0.0636821800 0.0305248000
0.0636495700 0.0304396900
0.0636169500 0.0303547700
0.0635843300 0.0302700500
0.0635517200 0.0301855400
0.0635191000 0.0301012200
0.0634864800 0.0300171100
0.0634538700 0.0299331900
0.0634212500 0.0298494800
0.0633886300 0.0297659700
0.0633560200 0.0296826500
0.0633234000 0.0295995400
0.0632907900 0.0295166300
0.0632581700 0.0294339200
0.0632255500 0.0293514100
0.0631929400 0.0292691000
0.0631603200 0.0291869800
0.0631277000 0.0291050700
0.0630950900 0.0290233600
0.0630624700 0.0289418600
0.0630298600 0.0288605500
0.0629972400 0.0287794400
0.0629646200 0.0286985300
0.0629320100 0.0286178200
0.0628993900 0.0285373200
0.0628667700 0.0284570100
0.0628341600 0.0283769000
0.0628015400 0.0282970000
0.0627689300 0.0282172900
0.0627363100 0.0281377900
0.0627036900 0.0280584800
0.0626710800 0.0279793800
0.0626384600 0.0279004700
0.0626058400 0.0278217700
0.0625732300 0.0277432700
0.0625406100 0.0276649600
0.0625079900 0.0275868600
0.0624753800 0.0275089600
0.0624427600 0.0274312600
0.0624101500 0.0273537600
0.0623775300 0.0272764600
0.0623449100 0.0271993600
0.0623123000 0.0271224600
0.0622796800 0.0270457600
0.0622470600 0.0269692600
0.0622144500 0.0268929600
0.0621818300 0.0268168600
0.0621492200 0.0267409600
0.0621166000 0.0266652700
0.0620839800 0.0265897700
0.0620513700 0.0265144700
0.0620187500 0.0264393800
0.0619861300 0.0263644800
0.0619535200 0.0262897800
0.0619209000 0.0262152900
0.0618882800 0.0261410000
0.0618556700 0.0260669000
0.0618230500 0.0259930100
0.0617904400 0.0259193100
0.0617578200 0.0258458200
0.0617252000 0.0257725300
0.0616925900 0.0256994400
0.0616599700 0.0256265500
0.0616273500 0.0255538500
0.0615947400 0.0254813600
0.0615621200 0.0254090700
0.0615295100 0.0253369800
0.0614968900 0.0252650900
0.0614642700 0.0251934100
0.0614316600 0.0251219200
0.0613990400 0.0250506300
0.0613664200 0.0249795400
0.0613338100 0.0249086500
0.0613011900 0.0248379700
0.0612685700 0.0247674800
0.0612359600 0.0246971900
0.0612033400 0.0246271100
0.0611707300 0.0245572200
0.0611381100 0.0244875400
0.0611054900 0.0244180500
0.0610728800 0.0243487700
0.0610402600 0.0242796800
0.0610076400 0.0242108000
0.0609750300 0.0241421200
0.0609424100 0.0240736400
0.0609098000 0.0240053500
0.0608771800 0.0239372700
0.0608445600 0.0238693900
0.0608119500 0.0238017100
0.0607793300 0.0237342300
0.0607467100 0.0236669500
0.0607141000 0.0235998700
0.0606814800 0.0235329900
0.0606488700 0.0234663100
0.0606162500 0.0233998300
0.0605836300 0.0233335600
0.0605510200 0.0232674800
0.0605184000 0.0232016000
0.0604857800 0.0231359300
0.0604531700 0.0230704500
0.0604205500 0.0230051800
0.0603879300 0.0229401000
0.0603553200 0.0228752200
0.0603227000 0.0228105400
0.0602900900 0.0227460500
0.0602574700 0.0226817500
0.0602248500 0.0226176500
0.0601922400 0.0225537300
0.0601596200 0.0224900100
0.0601270000 0.0224264800
0.0600943900 0.0223631400
0.0600617700 0.0222999900
0.0600291600 0.0222370400
0.0599965400 0.0221742700
0.0599639200 0.0221116900
0.0599313100 0.0220493000
0.0598986900 0.0219871000
0.0598660700 0.0219250900
0.0598334600 0.0218632600
0.0598008400 0.0218016200
0.0597682200 0.0217401700
0.0597356100 0.0216789100
0.0597029900 0.0216178400
0.0596703800 0.0215569500
0.0596377600 0.0214962500
0.0596051400 0.0214357400
0.0595725300 0.0213754200
0.0595399100 0.0213152900
0.0595072900 0.0212553400
0.0594746800 0.0211955800
0.0594420600 0.0211360100
0.0594094500 0.0210766300
0.0593768300 0.0210174300
0.0593442100 0.0209584200
0.0593116000 0.0208996100
0.0592789800 0.0208409700
0.0592463600 0.0207825300
0.0592137500 0.0207242800
0.0591811300 0.0206662100
0.0591485100 0.0206083300
0.0591159000 0.0205506400
0.0590832800 0.0204931400
0.0590506700 0.0204358200
0.0590180500 0.0203786900
0.0589854300 0.0203217500
0.0589528200 0.0202650000
0.0589202000 0.0202084400
0.0588875800 0.0201520600
0.0588549700 0.0200958700
0.0588223500 0.0200398700
0.0587897400 0.0199840500
0.0587571200 0.0199284300
0.0587245000 0.0198729900
0.0586918900 0.0198177400
0.0586592700 0.0197626800
0.0586266500 0.0197078100
0.0585940400 0.0196531200
0.0585614200 0.0195986200
0.0585288100 0.0195443100
0.0584961900 0.0194901900
0.0584635700 0.0194362400
0.0584309600 0.0193824600
0.0583983400 0.0193288700
0.0583657200 0.0192754500
0.0583331100 0.0192222100
0.0583004900 0.0191691500
0.0582678700 0.0191162600
0.0582352600 0.0190635500
0.0582026400 0.0190110200
0.0581700300 0.0189586700
0.0581374100 0.0189064900
0.0581047900 0.0188545000
0.0580721800 0.0188026800
0.0580395600 0.0187510300
0.0580069400 0.0186995700
0.0579743300 0.0186482800
0.0579417100 0.0185971700
0.0579091000 0.0185462300
0.0578764800 0.0184954800
0.0578438600 0.0184449000
0.0578112500 0.0183945000
0.0577786300 0.0183442700
0.0577460100 0.0182942300
0.0577134000 0.0182443300
0.0576807800 0.0181945600
0.0576481600 0.0181449200
0.0576155500 0.0180954000
0.0575829300 0.0180460100
0.0575503200 0.0179967400
0.0575177000 0.0179476000
0.0574850800 0.0178985900
0.0574524700 0.0178497000
0.0574198500 0.0178009400
0.0573872300 0.0177523100
0.0573546200 0.0177038000
0.0573220000 0.0176554100
0.0572893900 0.0176071600
0.0572567700 0.0175590300
0.0572241500 0.0175110200
0.0571915400 0.0174631400
0.0571589200 0.0174153900
0.0571263000 0.0173677600
0.0570936900 0.0173202600
0.0570610700 0.0172728900
0.0570284500 0.0172256400
0.0569958400 0.0171785100
0.0569632200 0.0171315100
0.0569306100 0.0170846500
0.0568979900 0.0170379000
0.0568653700 0.0169912800
0.0568327600 0.0169447900
0.0568001400 0.0168984200
0.0567675200 0.0168521800
0.0567349100 0.0168060600
0.0567022900 0.0167600800
0.0566696800 0.0167142100
0.0566370600 0.0166684800
0.0566044400 0.0166228700
0.0565718300 0.0165773800
0.0565392100 0.0165320200
0.0565065900 0.0164867800
0.0564739800 0.0164416700
0.0564413600 0.0163966500
0.0564087500 0.0163517200
0.0563761300 0.0163068800
0.0563435100 0.0162621300
0.0563109000 0.0162174800
0.0562782800 0.0161729200
0.0562456600 0.0161284500
0.0562130500 0.0160840800
0.0561804300 0.0160397900
0.0561478100 0.0159955900
0.0561152000 0.0159514900
0.0560825800 0.0159074800
0.0560499700 0.0158635600
0.0560173500 0.0158197300
0.0559847300 0.0157760000
0.0559521200 0.0157323500
0.0559195000 0.0156888000
0.0558868800 0.0156453400
0.0558542700 0.0156019800
0.0558216500 0.0155587000
0.0557890400 0.0155155200
0.0557564200 0.0154724300
0.0557238000 0.0154294300
0.0556911900 0.0153865200
0.0556585700 0.0153437100
0.0556259500 0.0153009800
0.0555933400 0.0152583500
0.0555607200 0.0152158100
0.0555281000 0.0151733600
0.0554954900 0.0151310100
0.0554628700 0.0150887500
0.0554302600 0.0150465700
0.0553976400 0.0150044900
0.0553650200 0.0149625100
0.0553324100 0.0149206100
0.0552997900 0.0148788000
0.0552671700 0.0148370900
0.0552345600 0.0147954700
0.0552019400 0.0147539400
0.0551693300 0.0147125100
0.0551367100 0.0146711600
0.0551040900 0.0146299100
0.0550714800 0.0145887500
0.0550388600 0.0145476800
0.0550062400 0.0145067000
0.0549736300 0.0144658200
0.0549410100 0.0144250200
0.0549083900 0.0143843200
0.0548757800 0.0143437100
0.0548431600 0.0143031900
0.0548105500 0.0142627700
0.0547779300 0.0142224400
0.0547453100 0.0141821900
0.0547127000 0.0141420400
0.0546800800 0.0141019900
0.0546474600 0.0140620200
0.0546148500 0.0140221500
0.0545822300 0.0139823600
0.0545496200 0.0139426700
0.0545170000 0.0139030700
0.0544843800 0.0138635700
0.0544517700 0.0138241500
0.0544191500 0.0137848300
0.0543865300 0.0137456000
0.0543539200 0.0137064600
0.0543213000 0.0136674100
0.0542886900 0.0136284600
0.0542560700 0.0135896000
0.0542234500 0.0135508300
0.0541908400 0.0135121500
0.0541582200 0.0134735600
0.0541256000 0.0134350700
0.0540929900 0.0133966600
0.0540603700 0.0133583500
0.0540277500 0.0133201400
0.0539951400 0.0132820100
0.0539625200 0.0132439800
0.0539299100 0.0132060400
0.0538972900 0.0131682000
0.0538646700 0.0131304500
0.0538320600 0.0130927900
0.0537994400 0.0130552300
0.0537668200 0.0130177600
0.0537342100 0.0129803800
0.0537015900 0.0129431000
0.0536689800 0.0129059000
0.0536363600 0.0128688100
0.0536037400 0.0128318000
0.0535711300 0.0127948900
0.0535385100 0.0127580800
0.0535058900 0.0127213500
0.0534732800 0.0126847200
0.0534406600 0.0126481800
0.0534080400 0.0126117400
0.0533754300 0.0125753900
0.0533428100 0.0125391300
0.0533102000 0.0125029700
0.0532775800 0.0124669000
0.0532449600 0.0124309200
0.0532123500 0.0123950400
0.0531797300 0.0123592500
0.0531471100 0.0123235500
0.0531145000 0.0122879500
0.0530818800 0.0122524400
0.0530492700 0.0122170200
0.0530166500 0.0121816900
0.0529840300 0.0121464600
0.0529514200 0.0121113300
0.0529188000 0.0120762800
0.0528861800 0.0120413300
0.0528535700 0.0120064800
0.0528209500 0.0119717100
0.0527883300 0.0119370400
0.0527557200 0.0119024600
0.0527231000 0.0118679800
0.0526904900 0.0118335900
0.0526578700 0.0117992900
0.0526252500 0.0117650900
0.0525926400 0.0117309800
0.0525600200 0.0116969600
0.0525274000 0.0116630400
0.0524947900 0.0116292100
0.0524621700 0.0115954700
0.0524295600 0.0115618300
0.0523969400 0.0115282800
0.0523643200 0.0114948200
0.0523317100 0.0114614500
0.0522990900 0.0114281800
0.0522664700 0.0113950100
0.0522338600 0.0113619200
0.0522012400 0.0113289300
0.0521686300 0.0112960400
0.0521360100 0.0112632300
0.0521033900 0.0112305200
0.0520707800 0.0111979000
0.0520381600 0.0111653800
0.0520055400 0.0111329500
0.0519729300 0.0111006200
0.0519403100 0.0110683700
0.0519076900 0.0110362200
0.0518750800 0.0110041500
0.0518424600 0.0109721600
0.0518098500 0.0109402600
0.0517772300 0.0109084400
0.0517446100 0.0108767100
0.0517120000 0.0108450600
0.0516793800 0.0108134900
0.0516467600 0.0107820100
0.0516141500 0.0107506100
0.0515815300 0.0107192900
0.0515489200 0.0106880600
0.0515163000 0.0106569100
0.0514836800 0.0106258400
0.0514510700 0.0105948600
0.0514184500 0.0105639700
0.0513858300 0.0105331500
0.0513532200 0.0105024200
0.0513206000 0.0104717700
0.0512879800 0.0104412000
0.0512553700 0.0104107200
0.0512227500 0.0103803300
0.0511901400 0.0103500100
0.0511575200 0.0103197800
0.0511249000 0.0102896300
0.0510922900 0.0102595700
0.0510596700 0.0102295800
0.0510270500 0.0101996900
0.0509944400 0.0101698700
0.0509618200 0.0101401400
0.0509292100 0.0101105000
0.0508965900 0.0100809300
0.0508639700 0.0100514500
0.0508313600 0.0100220600
0.0507987400 0.0099927500
0.0507661200 0.0099635200
0.0507335100 0.0099343700
0.0507008900 0.0099053100
0.0506682700 0.0098763300
0.0506356600 0.0098474400
0.0506030400 0.0098186300
0.0505704300 0.0097899000
0.0505378100 0.0097612600
0.0505051900 0.0097327000
0.0504725800 0.0097042200
0.0504399600 0.0096758300
0.0504073400 0.0096475200
0.0503747300 0.0096192900
0.0503421100 0.0095911500
0.0503095000 0.0095630900
0.0502768800 0.0095351100
0.0502442600 0.0095072200
0.0502116500 0.0094794100
0.0501790300 0.0094516800
0.0501464100 0.0094240400
0.0501138000 0.0093964800
0.0500811800 0.0093690100
0.0500485700 0.0093416200
0.0500159500 0.0093143100
0.0499833300 0.0092870900
0.0499507200 0.0092599500
0.0499181000 0.0092328900
0.0498854800 0.0092059200
0.0498528700 0.0091790300
0.0498202500 0.0091522200
0.0497876300 0.0091255000
0.0497550200 0.0090988600
0.0497224000 0.0090723000
0.0496897900 0.0090458300
0.0496571700 0.0090194400
0.0496245500 0.0089931300
0.0495919400 0.0089669100
0.0495593200 0.0089407700
0.0495267000 0.0089147100
0.0494940900 0.0088887400
0.0494614700 0.0088628500
0.0494288600 0.0088370300
0.0493962400 0.0088112700
0.0493636200 0.0087855800
0.0493310100 0.0087599500
0.0492983900 0.0087344000
0.0492657700 0.0087089100
0.0492331600 0.0086835000
0.0492005400 0.0086581500
0.0491679200 0.0086328600
0.0491353100 0.0086076500
0.0491026900 0.0085825000
0.0490700800 0.0085574200
0.0490374600 0.0085324100
0.0490048400 0.0085074700
0.0489722300 0.0084825900
0.0489396100 0.0084577800
0.0489069900 0.0084330400
0.0488743800 0.0084083700
0.0488417600 0.0083837700
0.0488091500 0.0083592300
0.0487765300 0.0083347600
0.0487439100 0.0083103600
0.0487113000 0.0082860300
0.0486786800 0.0082617600
0.0486460600 0.0082375700
0.0486134500 0.0082134400
0.0485808300 0.0081893800
0.0485482100 0.0081653800
0.0485156000 0.0081414600
0.0484829800 0.0081176000
0.0484503700 0.0080938100
0.0484177500 0.0080700800
0.0483851300 0.0080464300
0.0483525200 0.0080228400
0.0483199000 0.0079993200
0.0482872800 0.0079758700
0.0482546700 0.0079524900
0.0482220500 0.0079291700
0.0481894400 0.0079059300
0.0481568200 0.0078827500
0.0481242000 0.0078596400
0.0480915900 0.0078365900
0.0480589700 0.0078136100
0.0480263500 0.0077907100
0.0479937400 0.0077678700
0.0479611200 0.0077450900
0.0479285100 0.0077223900
0.0478958900 0.0076997500
0.0478632700 0.0076771800
0.0478306600 0.0076546800
0.0477980400 0.0076322500
0.0477654200 0.0076098800
0.0477328100 0.0075875800
0.0477001900 0.0075653500
0.0476675700 0.0075431900
0.0476349600 0.0075210900
0.0476023400 0.0074990700
0.0475697300 0.0074771100
0.0475371100 0.0074552200
0.0475044900 0.0074333900
0.0474718800 0.0074116400
0.0474392600 0.0073899500
0.0474066400 0.0073683300
0.0473740300 0.0073467800
0.0473414100 0.0073253000
0.0473088000 0.0073038800
0.0472761800 0.0072825300
0.0472435600 0.0072612500
0.0472109500 0.0072400400
0.0471783300 0.0072188900
0.0471457100 0.0071978200
0.0471131000 0.0071768100
0.0470804800 0.0071558700
0.0470478600 0.0071349900
0.0470152500 0.0071141900
0.0469826300 0.0070934500
0.0469500200 0.0070727800
0.0469174000 0.0070521800
0.0468847800 0.0070316400
0.0468521700 0.0070111700
0.0468195500 0.0069907800
0.0467869300 0.0069704400
0.0467543200 0.0069501600
0.0467217000 0.0069299400
0.0466890900 0.0069097700
0.0466564700 0.0068896600
0.0466238500 0.0068696000
0.0465912400 0.0068496000
0.0465586200 0.0068296500
0.0465260000 0.0068097600
0.0464933900 0.0067899300
0.0464607700 0.0067701500
0.0464281500 0.0067504300
0.0463955400 0.0067307700
0.0463629200 0.0067111500
0.0463303100 0.0066916000
0.0462976900 0.0066721000
0.0462650700 0.0066526500
0.0462324600 0.0066332700
0.0461998400 0.0066139300
0.0461672200 0.0065946600
0.0461346100 0.0065754300
0.0461019900 0.0065562700
0.0460693800 0.0065371600
0.0460367600 0.0065181000
0.0460041400 0.0064991100
0.0459715300 0.0064801600
0.0459389100 0.0064612800
0.0459062900 0.0064424400
0.0458736800 0.0064236600
0.0458410600 0.0064049400
0.0458084500 0.0063862700
0.0457758300 0.0063676600
0.0457432100 0.0063491100
0.0457106000 0.0063306100
0.0456779800 0.0063121700
0.0456453600 0.0062937800
0.0456127500 0.0062754500
0.0455801300 0.0062571800
0.0455475100 0.0062389600
0.0455149000 0.0062207900
0.0454822800 0.0062026900
0.0454496700 0.0061846400
0.0454170500 0.0061666400
0.0453844300 0.0061487000
0.0453518200 0.0061308100
0.0453192000 0.0061129800
0.0452865800 0.0060952100
0.0452539700 0.0060774900
0.0452213500 0.0060598300
0.0451887400 0.0060422200
0.0451561200 0.0060246700
0.0451235000 0.0060071700
0.0450908900 0.0059897300
0.0450582700 0.0059723500
0.0450256500 0.0059550200
0.0449930400 0.0059377400
0.0449604200 0.0059205300
0.0449278000 0.0059033600
0.0448951900 0.0058862600
0.0448625700 0.0058692100
0.0448299600 0.0058522100
0.0447973400 0.0058352700
0.0447647200 0.0058183900
0.0447321100 0.0058015600
0.0446994900 0.0057847900
0.0446668700 0.0057680700
0.0446342600 0.0057514100
0.0446016400 0.0057348000
0.0445690300 0.0057182500
0.0445364100 0.0057017600
0.0445037900 0.0056853200
0.0444711800 0.0056689400
0.0444385600 0.0056526100
0.0444059400 0.0056363400
0.0443733300 0.0056201300
0.0443407100 0.0056039700
0.0443080900 0.0055878600
0.0442754800 0.0055718100
0.0442428600 0.0055558200
0.0442102500 0.0055398800
0.0441776300 0.0055240000
0.0441450100 0.0055081700
0.0441124000 0.0054924000
0.0440797800 0.0054766900
0.0440471600 0.0054610300
0.0440145500 0.0054454200
0.0439819300 0.0054298800
0.0439493200 0.0054143800
0.0439167000 0.0053989500
0.0438840800 0.0053835700
0.0438514700 0.0053682400
0.0438188500 0.0053529800
0.0437862300 0.0053377600
0.0437536200 0.0053226000
0.0437210000 0.0053074800
0.0436883900 0.0052924200
0.0436557700 0.0052774100
0.0436231500 0.0052624600
0.0435905400 0.0052475500
0.0435579200 0.0052326900
0.0435253000 0.0052178900
0.0434926900 0.0052031400
0.0434600700 0.0051884400
0.0434274500 0.0051737900
0.0433948400 0.0051591900
0.0433622200 0.0051446500
0.0433296100 0.0051301500
0.0432969900 0.0051157100
0.0432643700 0.0051013200
0.0432317600 0.0050869800
0.0431991400 0.0050726900
0.0431665200 0.0050584500
0.0431339100 0.0050442600
0.0431012900 0.0050301300
0.0430686800 0.0050160400
0.0430360600 0.0050020100
0.0430034400 0.0049880300
0.0429708300 0.0049741000
0.0429382100 0.0049602300
0.0429055900 0.0049464000
0.0428729800 0.0049326300
0.0428403600 0.0049189000
0.0428077400 0.0049052300
0.0427751300 0.0048916200
0.0427425100 0.0048780400
0.0427099000 0.0048645300
0.0426772800 0.0048510600
0.0426446600 0.0048376500
0.0426120500 0.0048242800
0.0425794300 0.0048109700
0.0425468100 0.0047977100
0.0425142000 0.0047845000
0.0424815800 0.0047713500
0.0424489700 0.0047582400
0.0424163500 0.0047451900
0.0423837300 0.0047321800
0.0423511200 0.0047192300
0.0423185000 0.0047063300
0.0422858800 0.0046934800
0.0422532700 0.0046806900
0.0422206500 0.0046679400
0.0421880300 0.0046552500
0.0421554200 0.0046426100
0.0421228000 0.0046300200
0.0420901900 0.0046174800
0.0420575700 0.0046049900
0.0420249500 0.0045925500
0.0419923400 0.0045801700
0.0419597200 0.0045678300
0.0419271000 0.0045555500
0.0418944900 0.0045433200
0.0418618700 0.0045311400
0.0418292600 0.0045190200
0.0417966400 0.0045069400
0.0417640200 0.0044949100
0.0417314100 0.0044829300
0.0416987900 0.0044710100
0.0416661700 0.0044591200
0.0416335600 0.0044472900
0.0416009400 0.0044355000
0.0415683300 0.0044237600
0.0415357100 0.0044120600
0.0415030900 0.0044004100
0.0414704800 0.0043888100
0.0414378600 0.0043772600
0.0414052400 0.0043657500
0.0413726300 0.0043542800
0.0413400100 0.0043428700
0.0413073900 0.0043315000
0.0412747800 0.0043201800
0.0412421600 0.0043089000
0.0412095500 0.0042976700
0.0411769300 0.0042864800
0.0411443100 0.0042753400
0.0411117000 0.0042642500
0.0410790800 0.0042532100
0.0410464600 0.0042422100
0.0410138500 0.0042312500
0.0409812300 0.0042203500
0.0409486200 0.0042094900
0.0409160000 0.0041986800
0.0408833800 0.0041879100
0.0408507700 0.0041771800
0.0408181500 0.0041665100
0.0407855300 0.0041558800
0.0407529200 0.0041453000
0.0407203000 0.0041347700
0.0406876800 0.0041242800
0.0406550700 0.0041138400
0.0406224500 0.0041034400
0.0405898400 0.0040930900
0.0405572200 0.0040827900
0.0405246000 0.0040725300
0.0404919900 0.0040623200
0.0404593700 0.0040521600
0.0404267500 0.0040420400
0.0403941400 0.0040319700
0.0403615200 0.0040219500
0.0403289100 0.0040119700
0.0402962900 0.0040020400
0.0402636700 0.0039921600
0.0402310600 0.0039823200
0.0401984400 0.0039725300
0.0401658200 0.0039627800
0.0401332100 0.0039530800
0.0401005900 0.0039434300
0.0400679700 0.0039338100
0.0400353600 0.0039242300
0.0400027400 0.0039146900
0.0399701300 0.0039051900
0.0399375100 0.0038957200
0.0399048900 0.0038862900
0.0398722800 0.0038768900
0.0398396600 0.0038675400
0.0398070400 0.0038582200
0.0397744300 0.0038489400
0.0397418100 0.0038396900
0.0397092000 0.0038304800
0.0396765800 0.0038213100
0.0396439600 0.0038121800
0.0396113500 0.0038030800
0.0395787300 0.0037940200
0.0395461100 0.0037850000
0.0395135000 0.0037760100
0.0394808800 0.0037670700
0.0394482700 0.0037581500
0.0394156500 0.0037492800
0.0393830300 0.0037404400
0.0393504200 0.0037316400
0.0393178000 0.0037228800
0.0392851800 0.0037141600
0.0392525700 0.0037054700
0.0392199500 0.0036968200
0.0391873300 0.0036882000
0.0391547200 0.0036796300
0.0391221000 0.0036710900
0.0390894900 0.0036625800
0.0390568700 0.0036541200
0.0390242500 0.0036456900
0.0389916400 0.0036373000
0.0389590200 0.0036289400
0.0389264000 0.0036206300
0.0388937900 0.0036123500
0.0388611700 0.0036041000
0.0388285600 0.0035959000
0.0387959400 0.0035877300
0.0387633200 0.0035796000
0.0387307100 0.0035715000
0.0386980900 0.0035634500
0.0386654700 0.0035554200
0.0386328600 0.0035474500
0.0386002400 0.0035395000
0.0385676200 0.0035315900
0.0385350100 0.0035237100
0.0385023900 0.0035158800
0.0384697800 0.0035080800
0.0384371600 0.0035003200
0.0384045400 0.0034926000
0.0383719300 0.0034849100
0.0383393100 0.0034772600
0.0383066900 0.0034696500
0.0382740800 0.0034620700
0.0382414600 0.0034545400
0.0382088500 0.0034470400
0.0381762300 0.0034395700
0.0381436100 0.0034321500
0.0381110000 0.0034247600
0.0380783800 0.0034174100
0.0380457600 0.0034100900
0.0380131500 0.0034028100
0.0379805300 0.0033955700
0.0379479100 0.0033883700
0.0379153000 0.0033812100
0.0378826800 0.0033740800
0.0378500700 0.0033669900
0.0378174500 0.0033599200
0.0377848300 0.0033529000
0.0377522200 0.0033459200
0.0377196000 0.0033389800
0.0376869800 0.0033320700
0.0376543700 0.0033252000
0.0376217500 0.0033183600
0.0375891400 0.0033115600
0.0375565200 0.0033047900
0.0375239000 0.0032980600
0.0374912900 0.0032913700
0.0374586700 0.0032847100
0.0374260500 0.0032780900
0.0373934400 0.0032714900
0.0373608200 0.0032649400
0.0373282100 0.0032584200
0.0372955900 0.0032519400
0.0372629700 0.0032454900
0.0372303600 0.0032390800
0.0371977400 0.0032327000
0.0371651200 0.0032263400
0.0371325100 0.0032199900
0.0370998900 0.0032136600
0.0370672700 0.0032073500
0.0370346600 0.0032010500
0.0370020400 0.0031947700
0.0369694300 0.0031885000
0.0369368100 0.0031822600
0.0369041900 0.0031760200
0.0368715800 0.0031698100
0.0368389600 0.0031636100
0.0368063400 0.0031574300
0.0367737300 0.0031512600
0.0367411100 0.0031451100
0.0367085000 0.0031389800
0.0366758800 0.0031328600
0.0366432600 0.0031267600
0.0366106500 0.0031206800
0.0365780300 0.0031146100
0.0365454100 0.0031085600
0.0365128000 0.0031025200
0.0364801800 0.0030965000
0.0364475600 0.0030905000
0.0364149500 0.0030845200
0.0363823300 0.0030785500
0.0363497200 0.0030725900
0.0363171000 0.0030666600
0.0362844800 0.0030607400
0.0362518700 0.0030548300
0.0362192500 0.0030489400
0.0361866300 0.0030430700
0.0361540200 0.0030372200
0.0361214000 0.0030313800
0.0360887900 0.0030255600
0.0360561700 0.0030197500
0.0360235500 0.0030139600
0.0359909400 0.0030081900
0.0359583200 0.0030024300
0.0359257000 0.0029966900
0.0358930900 0.0029909700
0.0358604700 0.0029852600
0.0358278500 0.0029795700
0.0357952400 0.0029739000
0.0357626200 0.0029682400
0.0357300100 0.0029626000
0.0356973900 0.0029569700
0.0356647700 0.0029513600
0.0356321600 0.0029457600
0.0355995400 0.0029401900
0.0355669200 0.0029346300
0.0355343100 0.0029290800
0.0355016900 0.0029235600
0.0354690800 0.0029180500
0.0354364600 0.0029125500
0.0354038400 0.0029070700
0.0353712300 0.0029016100
0.0353386100 0.0028961600
0.0353059900 0.0028907400
0.0352733800 0.0028853200
0.0352407600 0.0028799300
0.0352081500 0.0028745500
0.0351755300 0.0028691800
0.0351429100 0.0028638400
0.0351103000 0.0028585000
0.0350776800 0.0028531900
0.0350450600 0.0028478900
0.0350124500 0.0028426100
0.0349798300 0.0028373500
0.0349472100 0.0028321000
0.0349146000 0.0028268600
0.0348819800 0.0028216500
0.0348493700 0.0028164500
0.0348167500 0.0028112700
0.0347841300 0.0028061000
0.0347515200 0.0028009500
0.0347189000 0.0027958100
0.0346862800 0.0027907000
0.0346536700 0.0027855900
0.0346210500 0.0027805000
0.0345884400 0.0027754400
0.0345558200 0.0027703800
0.0345232000 0.0027653500
0.0344905900 0.0027603300
0.0344579700 0.0027553300
0.0344253500 0.0027503400
0.0343927400 0.0027453700
0.0343601200 0.0027404100
0.0343275000 0.0027354800
0.0342948900 0.0027305500
0.0342622700 0.0027256500
0.0342296600 0.0027207600
0.0341970400 0.0027158900
0.0341644200 0.0027110300
0.0341318100 0.0027061900
0.0340991900 0.0027013700
0.0340665700 0.0026965700
0.0340339600 0.0026917700
0.0340013400 0.0026870000
0.0339687300 0.0026822400
0.0339361100 0.0026775000
0.0339034900 0.0026727700
0.0338708800 0.0026680600
0.0338382600 0.0026633700
0.0338056400 0.0026587000
0.0337730300 0.0026540400
0.0337404100 0.0026494000
0.0337078000 0.0026447700
0.0336751800 0.0026401500
0.0336425600 0.0026355600
0.0336099500 0.0026309800
0.0335773300 0.0026264200
0.0335447100 0.0026218800
0.0335121000 0.0026173500
0.0334794800 0.0026128300
0.0334468600 0.0026083400
0.0334142500 0.0026038600
0.0333816300 0.0025994000
0.0333490200 0.0025949500
0.0333164000 0.0025905200
0.0332837800 0.0025861100
0.0332511700 0.0025817100
0.0332185500 0.0025773300
0.0331859300 0.0025729600
0.0331533200 0.0025686100
0.0331207000 0.0025642800
0.0330880900 0.0025599700
0.0330554700 0.0025556700
0.0330228500 0.0025513800
0.0329902400 0.0025471200
0.0329576200 0.0025428700
0.0329250000 0.0025386300
0.0328923900 0.0025344200
0.0328597700 0.0025302200
0.0328271500 0.0025260300
0.0327945400 0.0025218600
0.0327619200 0.0025177100
0.0327293100 0.0025135800
0.0326966900 0.0025094600
0.0326640700 0.0025053600
0.0326314600 0.0025012700
0.0325988400 0.0024972000
0.0325662200 0.0024931500
0.0325336100 0.0024891100
0.0325009900 0.0024850900
0.0324683800 0.0024810800
0.0324357600 0.0024770900
0.0324031400 0.0024731100
0.0323705300 0.0024691500
0.0323379100 0.0024652100
0.0323052900 0.0024612800
0.0322726800 0.0024573600
0.0322400600 0.0024534600
0.0322074400 0.0024495700
0.0321748300 0.0024457000
0.0321422100 0.0024418600
0.0321096000 0.0024380200
0.0320769800 0.0024341900
0.0320443600 0.0024303800
0.0320117500 0.0024265800
0.0319791300 0.0024228100
0.0319465100 0.0024190400
0.0319139000 0.0024153000
0.0318812800 0.0024115600
0.0318486700 0.0024078500
0.0318160500 0.0024041400
0.0317834300 0.0024004600
0.0317508200 0.0023967900
0.0317182000 0.0023931300
0.0316855800 0.0023894900
0.0316529700 0.0023858600
0.0316203500 0.0023822500
0.0315877300 0.0023786600
0.0315551200 0.0023750800
0.0315225000 0.0023715100
0.0314898900 0.0023679600
0.0314572700 0.0023644300
0.0314246500 0.0023609100
0.0313920400 0.0023574000
0.0313594200 0.0023539200
0.0313268000 0.0023504400
0.0312941900 0.0023469800
0.0312615700 0.0023435400
0.0312289600 0.0023401100
0.0311963400 0.0023367000
0.0311637200 0.0023333000
0.0311311100 0.0023299200
0.0310984900 0.0023265500
0.0310658700 0.0023232000
0.0310332600 0.0023198600
0.0310006400 0.0023165300
0.0309680300 0.0023132100
0.0309354100 0.0023099100
0.0309027900 0.0023066100
0.0308701800 0.0023033200
0.0308375600 0.0023000400
0.0308049400 0.0022967700
0.0307723300 0.0022935000
0.0307397100 0.0022902300
0.0307070900 0.0022869800
0.0306744800 0.0022837300
0.0306418600 0.0022804900
0.0306092500 0.0022772500
0.0305766300 0.0022740200
0.0305440100 0.0022707900
0.0305114000 0.0022675700
0.0304787800 0.0022643600
0.0304461600 0.0022611500
0.0304135500 0.0022579500
0.0303809300 0.0022547700
0.0303483200 0.0022515800
0.0303157000 0.0022484000
0.0302830800 0.0022452300
0.0302504700 0.0022420600
0.0302178500 0.0022389000
0.0301852300 0.0022357300
0.0301526200 0.0022325800
0.0301200000 0.0022294400
0.0300873800 0.0022263100
0.0300547700 0.0022231800
0.0300221500 0.0022200500
0.0299895400 0.0022169300
0.0299569200 0.0022138200
0.0299243000 0.0022107200
0.0298916900 0.0022076200
0.0298590700 0.0022045300
0.0298264500 0.0022014400
0.0297938400 0.0021983600
0.0297612200 0.0021952900
0.0297286100 0.0021922200
0.0296959900 0.0021891600
0.0296633700 0.0021861100
0.0296307600 0.0021830600
0.0295981400 0.0021800200
0.0295655200 0.0021769800
0.0295329100 0.0021739500
0.0295002900 0.0021709300
0.0294676800 0.0021679100
0.0294350600 0.0021649000
0.0294024400 0.0021619000
0.0293698300 0.0021589000
0.0293372100 0.0021559100
0.0293045900 0.0021529200
0.0292719800 0.0021499400
0.0292393600 0.0021469700
0.0292067400 0.0021440000
0.0291741300 0.0021410400
0.0291415100 0.0021380900
0.0291089000 0.0021351400
0.0290762800 0.0021322000
0.0290436600 0.0021292700
0.0290110500 0.0021263400
0.0289784300 0.0021234200
0.0289458100 0.0021205000
0.0289132000 0.0021175900
0.0288805800 0.0021146900
0.0288479700 0.0021118000
0.0288153500 0.0021089100
0.0287827300 0.0021060200
0.0287501200 0.0021031400
0.0287175000 0.0021002700
0.0286848800 0.0020974000
0.0286522700 0.0020945500
0.0286196500 0.0020916900
0.0285870300 0.0020888500
0.0285544200 0.0020860100
0.0285218000 0.0020831700
0.0284891900 0.0020803400
0.0284565700 0.0020775200
0.0284239500 0.0020747100
0.0283913400 0.0020719000
0.0283587200 0.0020690900
0.0283261000 0.0020663000
0.0282934900 0.0020635100
0.0282608700 0.0020607200
0.0282282600 0.0020579500
0.0281956400 0.0020551800
0.0281630200 0.0020524100
0.0281304100 0.0020496500
0.0280977900 0.0020469000
0.0280651700 0.0020441500
0.0280325600 0.0020414100
0.0279999400 0.0020386800
0.0279673200 0.0020359500
0.0279347100 0.0020332300
0.0279020900 0.0020305200
0.0278694800 0.0020278100
0.0278368600 0.0020251100
0.0278042400 0.0020224100
0.0277716300 0.0020197200
0.0277390100 0.0020170300
0.0277063900 0.0020143500
0.0276737800 0.0020116800
0.0276411600 0.0020090200
0.0276085500 0.0020063600
0.0275759300 0.0020037000
0.0275433100 0.0020010600
0.0275107000 0.0019984100
0.0274780800 0.0019957900
0.0274454600 0.0019931600
0.0274128500 0.0019905300
0.0273802300 0.0019879200
0.0273476200 0.0019853100
0.0273150000 0.0019827000
0.0272823800 0.0019801000
0.0272497700 0.0019775100
0.0272171500 0.0019749300
0.0271845300 0.0019723500
0.0271519200 0.0019697700
0.0271193000 0.0019672100
0.0270866800 0.0019646400
0.0270540700 0.0019620900
0.0270214500 0.0019595400
0.0269888400 0.0019570000
0.0269562200 0.0019544600
0.0269236000 0.0019519300
0.0268909900 0.0019494100
0.0268583700 0.0019468900
0.0268257500 0.0019443800
0.0267931400 0.0019418700
0.0267605200 0.0019393700
0.0267279100 0.0019368800
0.0266952900 0.0019343900
0.0266626700 0.0019319100
0.0266300600 0.0019294300
0.0265974400 0.0019269700
0.0265648200 0.0019245000
0.0265322100 0.0019220500
0.0264995900 0.0019195900
0.0264669700 0.0019171500
0.0264343600 0.0019147100
0.0264017400 0.0019122800
0.0263691300 0.0019098500
0.0263365100 0.0019074300
0.0263038900 0.0019050200
0.0262712800 0.0019026100
0.0262386600 0.0019002100
0.0262060400 0.0018978200
0.0261734300 0.0018954300
0.0261408100 0.0018930400
0.0261082000 0.0018906700
0.0260755800 0.0018883000
0.0260429600 0.0018859300
0.0260103500 0.0018835800
0.0259777300 0.0018812200
0.0259451100 0.0018788800
0.0259125000 0.0018765400
0.0258798800 0.0018742100
0.0258472700 0.0018718800
0.0258146500 0.0018695600
0.0257820300 0.0018672400
0.0257494200 0.0018649300
0.0257168000 0.0018626300
0.0256841800 0.0018603300
0.0256515700 0.0018580400
0.0256189500 0.0018557600
0.0255863300 0.0018534800
0.0255537200 0.0018512100
0.0255211000 0.0018489400
0.0254884900 0.0018466800
0.0254558700 0.0018444300
0.0254232500 0.0018421800
0.0253906400 0.0018399400
0.0253580200 0.0018377100
0.0253254000 0.0018354800
0.0252927900 0.0018332600
0.0252601700 0.0018310400
0.0252275500 0.0018288300
0.0251949400 0.0018266200
0.0251623200 0.0018244200
0.0251297100 0.0018222300
0.0250970900 0.0018200500
0.0250644700 0.0018178700
0.0250318600 0.0018156900
0.0249992400 0.0018135300
0.0249666200 0.0018113600
0.0249340100 0.0018092100
0.0249013900 0.0018070600
0.0248687800 0.0018049200
0.0248361600 0.0018027800
0.0248035400 0.0018006500
0.0247709300 0.0017985300
0.0247383100 0.0017964100
0.0247056900 0.0017943000
0.0246730800 0.0017922000
0.0246404600 0.0017901000
0.0246078500 0.0017880000
0.0245752300 0.0017859200
0.0245426100 0.0017838300
0.0245100000 0.0017817600
0.0244773800 0.0017796900
0.0244447600 0.0017776300
0.0244121500 0.0017755700
0.0243795300 0.0017735200
0.0243469100 0.0017714800
0.0243143000 0.0017694400
0.0242816800 0.0017674100
0.0242490700 0.0017653800
0.0242164500 0.0017633600
0.0241838300 0.0017613500
0.0241512200 0.0017593400
0.0241186000 0.0017573400
0.0240859800 0.0017553500
0.0240533700 0.0017533600
0.0240207500 0.0017513700
0.0239881400 0.0017494000
0.0239555200 0.0017474300
0.0239229000 0.0017454600
0.0238902900 0.0017435000
0.0238576700 0.0017415500
0.0238250500 0.0017396100
0.0237924400 0.0017376700
0.0237598200 0.0017357300
0.0237272000 0.0017338100
0.0236945900 0.0017318900
0.0236619700 0.0017299700
0.0236293600 0.0017280600
0.0235967400 0.0017261600
0.0235641200 0.0017242600
0.0235315100 0.0017223700
0.0234988900 0.0017204900
0.0234662700 0.0017186100
0.0234336600 0.0017167400
0.0234010400 0.0017148800
0.0233684300 0.0017130200
0.0233358100 0.0017111600
0.0233031900 0.0017093200
0.0232705800 0.0017074800
0.0232379600 0.0017056400
0.0232053400 0.0017038200
0.0231727300 0.0017019900
0.0231401100 0.0017001700
0.0231074900 0.0016983600
0.0230748800 0.0016965600
0.0230422600 0.0016947600
0.0230096500 0.0016929700
0.0229770300 0.0016911800
0.0229444100 0.0016894000
0.0229118000 0.0016876300
0.0228791800 0.0016858600
0.0228465600 0.0016841000
0.0228139500 0.0016823500
0.0227813300 0.0016806000
0.0227487200 0.0016788500
0.0227161000 0.0016771200
0.0226834800 0.0016753900
0.0226508700 0.0016736600
0.0226182500 0.0016719500
0.0225856300 0.0016702400
0.0225530200 0.0016685300
0.0225204000 0.0016668300
0.0224877900 0.0016651400
0.0224551700 0.0016634500
0.0224225500 0.0016617700
0.0223899400 0.0016600900
0.0223573200 0.0016584300
0.0223247000 0.0016567600
0.0222920900 0.0016551100
0.0222594700 0.0016534500
0.0222268500 0.0016518100
0.0221942400 0.0016501700
0.0221616200 0.0016485400
0.0221290100 0.0016469100
0.0220963900 0.0016452900
0.0220637700 0.0016436800
0.0220311600 0.0016420700
0.0219985400 0.0016404700
0.0219659200 0.0016388700
0.0219333100 0.0016372800
0.0219006900 0.0016357000
0.0218680800 0.0016341200
0.0218354600 0.0016325500
0.0218028400 0.0016309900
0.0217702300 0.0016294300
0.0217376100 0.0016278800
0.0217049900 0.0016263300
0.0216723800 0.0016247900
0.0216397600 0.0016232500
0.0216071500 0.0016217300
0.0215745300 0.0016202000
0.0215419100 0.0016186900
0.0215093000 0.0016171800
0.0214766800 0.0016156700
0.0214440600 0.0016141700
0.0214114500 0.0016126800
0.0213788300 0.0016111900
0.0213462200 0.0016097100
0.0213136000 0.0016082300
0.0212809800 0.0016067600
0.0212483700 0.0016053000
0.0212157500 0.0016038400
0.0211831300 0.0016023800
0.0211505200 0.0016009300
0.0211179000 0.0015994900
0.0210852800 0.0015980500
0.0210526700 0.0015966200
0.0210200500 0.0015951900
0.0209874400 0.0015937700
0.0209548200 0.0015923500
0.0209222000 0.0015909400
0.0208895900 0.0015895300
0.0208569700 0.0015881300
0.0208243500 0.0015867300
0.0207917400 0.0015853300
0.0207591200 0.0015839500
0.0207265100 0.0015825600
0.0206938900 0.0015811800
0.0206612700 0.0015798100
0.0206286600 0.0015784400
0.0205960400 0.0015770800
0.0205634200 0.0015757200
0.0205308100 0.0015743600
0.0204981900 0.0015730100
0.0204655700 0.0015716700
0.0204329600 0.0015703300
0.0204003400 0.0015689900
0.0203677300 0.0015676600
0.0203351100 0.0015663400
0.0203024900 0.0015650200
0.0202698800 0.0015637000
0.0202372600 0.0015623900
0.0202046400 0.0015610900
0.0201720300 0.0015597900
0.0201394100 0.0015584900
0.0201068000 0.0015572000
0.0200741800 0.0015559100
0.0200415600 0.0015546300
0.0200089500 0.0015533600
0.0199763300 0.0015520800
0.0199437100 0.0015508200
0.0199111000 0.0015495600
0.0198784800 0.0015483000
0.0198458600 0.0015470500
0.0198132500 0.0015458000
0.0197806300 0.0015445600
0.0197480200 0.0015433200
0.0197154000 0.0015420900
0.0196827800 0.0015408600
0.0196501700 0.0015396400
0.0196175500 0.0015384200
0.0195849300 0.0015372100
0.0195523200 0.0015360000
0.0195197000 0.0015348000
0.0194870900 0.0015336000
0.0194544700 0.0015324100
0.0194218500 0.0015312200
0.0193892400 0.0015300400
0.0193566200 0.0015288600
0.0193240000 0.0015276900
0.0192913900 0.0015265200
0.0192587700 0.0015253500
0.0192261500 0.0015241900
0.0191935400 0.0015230400
0.0191609200 0.0015218900
0.0191283100 0.0015207500
0.0190956900 0.0015196100
0.0190630700 0.0015184700
0.0190304600 0.0015173500
0.0189978400 0.0015162200
0.0189652200 0.0015151000
0.0189326100 0.0015139900
0.0188999900 0.0015128800
0.0188673800 0.0015117700
0.0188347600 0.0015106700
0.0188021400 0.0015095800
0.0187695300 0.0015084900
0.0187369100 0.0015074000
0.0187042900 0.0015063200
0.0186716800 0.0015052500
0.0186390600 0.0015041800
0.0186064400 0.0015031100
0.0185738300 0.0015020500
0.0185412100 0.0015009900
0.0185086000 0.0014999400
0.0184759800 0.0014989000
0.0184433600 0.0014978600
0.0184107500 0.0014968200
0.0183781300 0.0014957900
0.0183455100 0.0014947600
0.0183129000 0.0014937400
0.0182802800 0.0014927200
0.0182476700 0.0014917100
0.0182150500 0.0014907100
0.0181824300 0.0014897000
0.0181498200 0.0014887000
0.0181172000 0.0014877100
0.0180845800 0.0014867300
0.0180519700 0.0014857500
0.0180193500 0.0014847700
0.0179867400 0.0014838000
0.0179541200 0.0014828300
0.0179215000 0.0014818700
0.0178888900 0.0014809100
0.0178562700 0.0014799500
0.0178236500 0.0014790000
0.0177910400 0.0014780600
0.0177584200 0.0014771200
0.0177258000 0.0014761900
0.0176931900 0.0014752600
0.0176605700 0.0014743300
0.0176279600 0.0014734100
0.0175953400 0.0014725000
0.0175627200 0.0014715900
0.0175301100 0.0014706900
0.0174974900 0.0014697900
0.0174648700 0.0014689000
0.0174322600 0.0014680100
0.0173996400 0.0014671200
0.0173670200 0.0014662400
0.0173344100 0.0014653700
0.0173017900 0.0014645000
0.0172691800 0.0014636300
0.0172365600 0.0014627700
0.0172039400 0.0014619100
0.0171713300 0.0014610600
0.0171387100 0.0014602200
0.0171060900 0.0014593700
0.0170734800 0.0014585400
0.0170408600 0.0014577100
0.0170082500 0.0014568800
0.0169756300 0.0014560600
0.0169430100 0.0014552400
0.0169104000 0.0014544300
0.0168777800 0.0014536200
0.0168451600 0.0014528200
0.0168125500 0.0014520200
0.0167799300 0.0014512300
0.0167473200 0.0014504400
0.0167147000 0.0014496500
0.0166820800 0.0014488800
0.0166494700 0.0014481000
0.0166168500 0.0014473400
0.0165842300 0.0014465700
0.0165516200 0.0014458100
0.0165190000 0.0014450500
0.0164863800 0.0014443000
0.0164537700 0.0014435600
0.0164211500 0.0014428200
0.0163885400 0.0014420900
0.0163559200 0.0014413500
0.0163233000 0.0014406300
0.0162906900 0.0014399100
0.0162580700 0.0014391900
0.0162254500 0.0014384800
0.0161928400 0.0014377700
0.0161602200 0.0014370700
0.0161276100 0.0014363700
0.0160949900 0.0014356800
0.0160623700 0.0014349900
0.0160297600 0.0014343100
0.0159971400 0.0014336300
0.0159645200 0.0014329600
0.0159319100 0.0014322900
0.0158992900 0.0014316300
0.0158666700 0.0014309700
0.0158340600 0.0014303200
0.0158014400 0.0014296800
0.0157688300 0.0014290300
0.0157362100 0.0014284000
0.0157035900 0.0014277700
0.0156709800 0.0014271400
0.0156383600 0.0014265200
0.0156057500 0.0014259100
0.0155731300 0.0014253000
0.0155405100 0.0014247000
0.0155079000 0.0014241000
0.0154752800 0.0014235000
0.0154426600 0.0014229100
0.0154100500 0.0014223300
0.0153774300 0.0014217500
0.0153448200 0.0014211800
0.0153122000 0.0014206100
0.0152795800 0.0014200500
0.0152469600 0.0014194900
0.0152143500 0.0014189400
0.0151817300 0.0014183900
0.0151491200 0.0014178500
0.0151165000 0.0014173100
0.0150838800 0.0014167800
0.0150512700 0.0014162500
0.0150186500 0.0014157300
0.0149860300 0.0014152200
0.0149534200 0.0014147100
0.0149208000 0.0014142000
0.0148881900 0.0014137000
0.0148555700 0.0014132200
0.0148229500 0.0014127300
0.0147903400 0.0014122500
0.0147577200 0.0014117700
0.0147251100 0.0014113100
0.0146924900 0.0014108400
0.0146598700 0.0014103800
0.0146272600 0.0014099400
0.0145946400 0.0014094900
0.0145620200 0.0014090500
0.0145294100 0.0014086200
0.0144967900 0.0014082000
0.0144641700 0.0014077800
0.0144315600 0.0014073600
0.0143989400 0.0014069500
0.0143663300 0.0014065500
0.0143337100 0.0014061600
0.0143010900 0.0014057700
0.0142684800 0.0014053800
0.0142358600 0.0014050100
0.0142032400 0.0014046400
0.0141706300 0.0014042700
0.0141380100 0.0014039100
0.0141053900 0.0014035600
0.0140727800 0.0014032200
0.0140401600 0.0014028800
0.0140075500 0.0014025400
0.0139749300 0.0014022100
0.0139423100 0.0014018900
0.0139097000 0.0014015800
0.0138770800 0.0014012700
0.0138444700 0.0014009700
0.0138118500 0.0014006700
0.0137792300 0.0014003800
0.0137466200 0.0014001000
0.0137140000 0.0013998100
0.0136813800 0.0013995400
0.0136487700 0.0013992700
0.0136161500 0.0013990200
0.0135835300 0.0013987600
0.0135509300 0.0013985200
0.0135183000 0.0013982700
0.0134856900 0.0013980400
0.0134530800 0.0013978100
0.0134204500 0.0013975800
0.0133878400 0.0013973700
0.0133552200 0.0013971600
0.0133226100 0.0013969500
0.0132899900 0.0013967600
0.0132573800 0.0013965700
0.0132247500 0.0013963700
0.0131921400 0.0013961900
0.0131595200 0.0013960200
0.0131269100 0.0013958500
0.0130942900 0.0013956900
0.0130616800 0.0013955300
0.0130290600 0.0013953800
0.0129964400 0.0013952400
0.0129638300 0.0013951000
0.0129312100 0.0013949700
0.0128985900 0.0013948500
0.0128659800 0.0013947300
0.0128333600 0.0013946100
0.0128007400 0.0013945100
0.0127681300 0.0013944000
0.0127355100 0.0013943100
0.0127029100 0.0013942300
0.0126702900 0.0013941400
0.0126376700 0.0013940700
0.0126050400 0.0013939900
0.0125724500 0.0013939300
0.0125398300 0.0013938800
0.0125072200 0.0013938300
0.0124745800 0.0013937800
0.0124419600 0.0013937400
0.0124093600 0.0013937100
0.0123767400 0.0013936800
0.0123441200 0.0013936600
0.0123115000 0.0013936400
0.0122817100 0.0013936300
