0.0927019100 0.4210382200
0.0926624000 0.4203645300
0.0926228900 0.4196913900
0.0925833800 0.4190188100
0.0925438700 0.4183467800
0.0925043600 0.4176753100
0.0924648400 0.4170043800
0.0924253300 0.4163340200
0.0923858200 0.4156642000
0.0923463100 0.4149949400
0.0923068000 0.4143262300
0.0922672900 0.4136580800
0.0922277700 0.4129904800
0.0921882600 0.4123234300
0.0921487500 0.4116569400
0.0921092400 0.4109910000
0.0920697300 0.4103256200
0.0920302200 0.4096607900
0.0919907000 0.4089965100
0.0919511900 0.4083327900
0.0919116800 0.4076696200
0.0918721700 0.4070070200
0.0918326600 0.4063449500
0.0917931500 0.4056834500
0.0917536300 0.4050224900
0.0917141200 0.4043621000
0.0916746100 0.4037022500
0.0916351000 0.4030429600
0.0915955900 0.4023842100
0.0915560800 0.4017260300
0.0915165600 0.4010684100
0.0914770500 0.4004113300
0.0914375400 0.3997548000
0.0913980300 0.3990988300
0.0913585200 0.3984434300
0.0913190100 0.3977885600
0.0912795000 0.3971342500
0.0912399800 0.3964805100
0.0912004700 0.3958273100
0.0911609600 0.3951746600
0.0911214500 0.3945225700
0.0910819400 0.3938710300
0.0910424300 0.3932200500
0.0910029100 0.3925696200
0.0909634000 0.3919197400
0.0909238900 0.3912704200
0.0908843800 0.3906216500
0.0908448700 0.3899734400
0.0908053600 0.3893257800
0.0907658400 0.3886786700
0.0907263300 0.3880321200
0.0906868200 0.3873861200
0.0906473100 0.3867406800
0.0906078000 0.3860957800
0.0905682900 0.3854514500
0.0905287700 0.3848076700
0.0904892600 0.3841644400
0.0904497500 0.3835217600
0.0904102400 0.3828796400
0.0903707300 0.3822380700
0.0903312200 0.3815970600
0.0902917000 0.3809566000
0.0902521900 0.3803166900
0.0902126800 0.3796773400
0.0901731700 0.3790385400
0.0901336600 0.3784003000
0.0900941500 0.3777626100
0.0900546300 0.3771254700
0.0900151200 0.3764889000
0.0899756100 0.3758528600
0.0899361000 0.3752173900
0.0898965900 0.3745824700
0.0898570800 0.3739481000
0.0898175600 0.3733142800
0.0897780500 0.3726810200
0.0897385400 0.3720483200
0.0896990300 0.3714161600
0.0896595200 0.3707845700
0.0896200100 0.3701535200
0.0895804900 0.3695230300
0.0895409800 0.3688930900
0.0895014700 0.3682637100
0.0894619600 0.3676348900
0.0894224500 0.3670066100
0.0893829400 0.3663788900
0.0893434200 0.3657517200
0.0893039100 0.3651251100
0.0892644000 0.3644990500
0.0892248900 0.3638735400
0.0891853800 0.3632485900
0.0891458700 0.3626242000
0.0891063500 0.3620003500
0.0890668400 0.3613770600
0.0890273300 0.3607543300
0.0889878200 0.3601321400
0.0889483100 0.3595105200
0.0889088000 0.3588894400
0.0888692800 0.3582689300
0.0888297700 0.3576489600
0.0887902600 0.3570295400
0.0887507500 0.3564106900
0.0887112400 0.3557923900
0.0886717300 0.3551746300
0.0886322100 0.3545574300
0.0885927000 0.3539407900
0.0885531900 0.3533247100
0.0885136800 0.3527091700
0.0884741700 0.3520941800
0.0884346600 0.3514797500
0.0883951400 0.3508658800
0.0883556300 0.3502525600
0.0883161200 0.3496397900
0.0882766100 0.3490275800
0.0882371000 0.3484159200
0.0881975900 0.3478048200
0.0881580700 0.3471942700
0.0881185600 0.3465842700
0.0880790500 0.3459748300
0.0880395400 0.3453659400
0.0880000300 0.3447576000
0.0879605200 0.3441498200
0.0879210000 0.3435425900
0.0878814900 0.3429359200
0.0878419800 0.3423298000
0.0878024700 0.3417242400
0.0877629600 0.3411192200
0.0877234500 0.3405147700
0.0876839300 0.3399108600
0.0876444200 0.3393075100
0.0876049100 0.3387047200
0.0875654000 0.3381024700
0.0875258900 0.3375007900
0.0874863800 0.3368996500
0.0874468600 0.3362990700
0.0874073500 0.3356990400
0.0873678400 0.3350995700
0.0873283300 0.3345006500
0.0872888200 0.3339022800
0.0872493100 0.3333044800
0.0872097900 0.3327072200
0.0871702800 0.3321105100
0.0871307700 0.3315143600
0.0870912600 0.3309187600
0.0870517500 0.3303237200
0.0870122400 0.3297292300
0.0869727300 0.3291353000
0.0869332100 0.3285419200
0.0868937000 0.3279490900
0.0868541900 0.3273568200
0.0868146800 0.3267651000
0.0867751700 0.3261739300
0.0867356600 0.3255833200
0.0866961400 0.3249932600
0.0866566300 0.3244037600
0.0866171200 0.3238148200
0.0865776100 0.3232264100
0.0865381000 0.3226385800
0.0864985900 0.3220512900
0.0864590700 0.3214645500
0.0864195600 0.3208783700
0.0863800500 0.3202927500
0.0863405400 0.3197076700
0.0863010300 0.3191231600
0.0862615200 0.3185391900
0.0862220000 0.3179557800
0.0861824900 0.3173729200
0.0861429800 0.3167906200
0.0861034700 0.3162088700
0.0860639600 0.3156276700
0.0860244500 0.3150470300
0.0859849300 0.3144669400
0.0859454200 0.3138874100
0.0859059100 0.3133084300
0.0858664000 0.3127300000
0.0858268900 0.3121521300
0.0857873800 0.3115748100
0.0857478600 0.3109980500
0.0857083500 0.3104218400
0.0856688400 0.3098461800
0.0856293300 0.3092710800
0.0855898200 0.3086965300
0.0855503100 0.3081225300
0.0855107900 0.3075490900
0.0854712800 0.3069762100
0.0854317700 0.3064038800
0.0853922600 0.3058320900
0.0853527500 0.3052608600
0.0853132400 0.3046901900
0.0852737200 0.3041200700
0.0852342100 0.3035505100
0.0851947000 0.3029815000
0.0851551900 0.3024130400
0.0851156800 0.3018451400
0.0850761700 0.3012777900
0.0850366500 0.3007110000
0.0849971400 0.3001447600
0.0849576300 0.2995790700
0.0849181200 0.2990139400
0.0848786100 0.2984493600
0.0848391000 0.2978853300
0.0847995800 0.2973218600
0.0847600700 0.2967589400
0.0847205600 0.2961965800
0.0846810500 0.2956347700
0.0846415400 0.2950735100
0.0846020300 0.2945128100
0.0845625100 0.2939526600
0.0845230000 0.2933930700
0.0844834900 0.2928340300
0.0844439800 0.2922755400
0.0844044700 0.2917176100
0.0843649600 0.2911602300
0.0843254400 0.2906034100
0.0842859300 0.2900471300
0.0842464200 0.2894914200
0.0842069100 0.2889362500
0.0841674000 0.2883816400
0.0841278900 0.2878275800
0.0840883700 0.2872740800
0.0840488600 0.2867211400
0.0840093500 0.2861687400
0.0839698400 0.2856169000
0.0839303300 0.2850656200
0.0838908200 0.2845148800
0.0838513000 0.2839647100
0.0838117900 0.2834150800
0.0837722800 0.2828660100
0.0837327700 0.2823174900
0.0836932600 0.2817695300
0.0836537500 0.2812221200
0.0836142300 0.2806752600
0.0835747200 0.2801289600
0.0835352100 0.2795832100
0.0834957000 0.2790380200
0.0834561900 0.2784933800
0.0834166800 0.2779492900
0.0833771600 0.2774057600
0.0833376500 0.2768627800
0.0832981400 0.2763203600
0.0832586300 0.2757784900
0.0832191200 0.2752371700
0.0831796100 0.2746964100
0.0831400900 0.2741562000
0.0831005800 0.2736165500
0.0830610700 0.2730774400
0.0830215600 0.2725389000
0.0829820500 0.2720009000
0.0829425400 0.2714634600
0.0829030200 0.2709265800
0.0828635100 0.2703902500
0.0828240000 0.2698544700
0.0827844900 0.2693192400
0.0827449800 0.2687845700
0.0827054700 0.2682504600
0.0826659500 0.2677168900
0.0826264400 0.2671838800
0.0825869300 0.2666514300
0.0825474200 0.2661195300
0.0825079100 0.2655881800
0.0824684000 0.2650573900
0.0824288900 0.2645271500
0.0823893700 0.2639974600
0.0823498600 0.2634683300
0.0823103500 0.2629397500
0.0822708400 0.2624117300
0.0822313300 0.2618842600
0.0821918200 0.2613573400
0.0821523000 0.2608309800
0.0821127900 0.2603051700
0.0820732800 0.2597799200
0.0820337700 0.2592552200
0.0819942600 0.2587310700
0.0819547500 0.2582074800
0.0819152300 0.2576844400
0.0818757200 0.2571619500
0.0818362100 0.2566400200
0.0817967000 0.2561186500
0.0817571900 0.2555978200
0.0817176800 0.2550775500
0.0816781600 0.2545578400
0.0816386500 0.2540386700
0.0815991400 0.2535200700
0.0815596300 0.2530020100
0.0815201200 0.2524845100
0.0814806100 0.2519675700
0.0814410900 0.2514511700
0.0814015800 0.2509353300
0.0813620700 0.2504200500
0.0813225600 0.2499053200
0.0812830500 0.2493911400
0.0812435400 0.2488775200
0.0812040200 0.2483644500
0.0811645100 0.2478519300
0.0811250000 0.2473399700
0.0810854900 0.2468285600
0.0810459800 0.2463177100
0.0810064700 0.2458074100
0.0809669500 0.2452976600
0.0809274400 0.2447884700
0.0808879300 0.2442798300
0.0808484200 0.2437717500
0.0808089100 0.2432642200
0.0807694000 0.2427572400
0.0807298800 0.2422508200
0.0806903700 0.2417449500
0.0806508600 0.2412396400
0.0806113500 0.2407348700
0.0805718400 0.2402306700
0.0805323300 0.2397270100
0.0804928100 0.2392239200
0.0804533000 0.2387213700
0.0804137900 0.2382193800
0.0803742800 0.2377179400
0.0803347700 0.2372170500
0.0802952600 0.2367167300
0.0802557400 0.2362169500
0.0802162300 0.2357177300
0.0801767200 0.2352190600
0.0801372100 0.2347209400
0.0800977000 0.2342233800
0.0800581900 0.2337263700
0.0800186700 0.2332299200
0.0799791600 0.2327340200
0.0799396500 0.2322386800
0.0799001400 0.2317438800
0.0798606300 0.2312496500
0.0798211200 0.2307559600
0.0797816000 0.2302628300
0.0797420900 0.2297702600
0.0797025800 0.2292782300
0.0796630700 0.2287867700
0.0796235600 0.2282958500
0.0795840500 0.2278054900
0.0795445300 0.2273156800
0.0795050200 0.2268264300
0.0794655100 0.2263377300
0.0794260000 0.2258495900
0.0793864900 0.2253620000
0.0793469800 0.2248749600
0.0793074600 0.2243884800
0.0792679500 0.2239025500
0.0792284400 0.2234171700
0.0791889300 0.2229323500
0.0791494200 0.2224480800
0.0791099100 0.2219643700
0.0790703900 0.2214812100
0.0790308800 0.2209986000
0.0789913700 0.2205165500
0.0789518600 0.2200350500
0.0789123500 0.2195541000
0.0788728400 0.2190737100
0.0788333200 0.2185938800
0.0787938100 0.2181145900
0.0787543000 0.2176358600
0.0787147900 0.2171576900
0.0786752800 0.2166800700
0.0786357700 0.2162030000
0.0785962500 0.2157264900
0.0785567400 0.2152505300
0.0785172300 0.2147751200
0.0784777200 0.2143002700
0.0784382100 0.2138259700
0.0783987000 0.2133522200
0.0783591800 0.2128790300
0.0783196700 0.2124064000
0.0782801600 0.2119343100
0.0782406500 0.2114627900
0.0782011400 0.2109918100
0.0781616300 0.2105213900
0.0781221100 0.2100515200
0.0780826000 0.2095822100
0.0780430900 0.2091134500
0.0780035800 0.2086452400
0.0779640700 0.2081775900
0.0779245600 0.2077104900
0.0778850500 0.2072439500
0.0778455300 0.2067779600
0.0778060200 0.2063125200
0.0777665100 0.2058476400
0.0777270000 0.2053833100
0.0776874900 0.2049195400
0.0776479800 0.2044563200
0.0776084600 0.2039936500
0.0775689500 0.2035315400
0.0775294400 0.2030699800
0.0774899300 0.2026089700
0.0774504200 0.2021485200
0.0774109100 0.2016886200
0.0773713900 0.2012292800
0.0773318800 0.2007704900
0.0772923700 0.2003122500
0.0772528600 0.1998545700
0.0772133500 0.1993974400
0.0771738400 0.1989408700
0.0771343200 0.1984848500
0.0770948100 0.1980293800
0.0770553000 0.1975744700
0.0770157900 0.1971201100
0.0769762800 0.1966663000
0.0769367700 0.1962130500
0.0768972500 0.1957603500
0.0768577400 0.1953082100
0.0768182300 0.1948566200
0.0767787200 0.1944055900
0.0767392100 0.1939551000
0.0766997000 0.1935051800
0.0766601800 0.1930558000
0.0766206700 0.1926069800
0.0765811600 0.1921587200
0.0765416500 0.1917110000
0.0765021400 0.1912638400
0.0764626300 0.1908172400
0.0764231100 0.1903711900
0.0763836000 0.1899256900
0.0763440900 0.1894807500
0.0763045800 0.1890363600
0.0762650700 0.1885925200
0.0762255600 0.1881492400
0.0761860400 0.1877065200
0.0761465300 0.1872643400
0.0761070200 0.1868227200
0.0760675100 0.1863816600
0.0760280000 0.1859411400
0.0759884900 0.1855011800
0.0759489700 0.1850617800
0.0759094600 0.1846229300
0.0758699500 0.1841846300
0.0758304400 0.1837468900
0.0757909300 0.1833097000
0.0757514200 0.1828730700
0.0757119000 0.1824369900
0.0756723900 0.1820014600
0.0756328800 0.1815664800
0.0755933700 0.1811320600
0.0755538600 0.1806982100
0.0755143500 0.1802648900
0.0754748300 0.1798321300
0.0754353200 0.1793999300
0.0753958100 0.1789682800
0.0753563000 0.1785371900
0.0753167900 0.1781066500
0.0752772800 0.1776766500
0.0752377600 0.1772472100
0.0751982500 0.1768183300
0.0751587400 0.1763900100
0.0751192300 0.1759622300
0.0750797200 0.1755350100
0.0750402100 0.1751083500
0.0750006900 0.1746822400
0.0749611800 0.1742566800
0.0749216700 0.1738316700
0.0748821600 0.1734072300
0.0748426500 0.1729833300
0.0748031400 0.1725599900
0.0747636200 0.1721372000
0.0747241100 0.1717149600
0.0746846000 0.1712932800
0.0746450900 0.1708721600
0.0746055800 0.1704515800
0.0745660700 0.1700315700
0.0745265500 0.1696121000
0.0744870400 0.1691931900
0.0744475300 0.1687748300
0.0744080200 0.1683570300
0.0743685100 0.1679397900
0.0743290000 0.1675230800
0.0742894800 0.1671069400
0.0742499700 0.1666913500
0.0742104600 0.1662763200
0.0741709500 0.1658618400
0.0741314400 0.1654479100
0.0740919300 0.1650345400
0.0740524100 0.1646217200
0.0740129000 0.1642094600
0.0739733900 0.1637977500
0.0739338800 0.1633865900
0.0738943700 0.1629759900
0.0738548600 0.1625659400
0.0738153400 0.1621564500
0.0737758300 0.1617475000
0.0737363200 0.1613391100
0.0736968100 0.1609312800
0.0736573000 0.1605240000
0.0736177900 0.1601172700
0.0735782700 0.1597111000
0.0735387600 0.1593054800
0.0734992500 0.1589004200
0.0734597400 0.1584959100
0.0734202300 0.1580919500
0.0733807200 0.1576885500
0.0733412100 0.1572857000
0.0733016900 0.1568834000
0.0732621800 0.1564816600
0.0732226700 0.1560804800
0.0731831600 0.1556798400
0.0731436500 0.1552797600
0.0731041400 0.1548802400
0.0730646200 0.1544812700
0.0730251100 0.1540828500
0.0729856000 0.1536849900
0.0729460900 0.1532876700
0.0729065800 0.1528909200
0.0728670700 0.1524947200
0.0728275500 0.1520990700
0.0727880400 0.1517039700
0.0727485300 0.1513094300
0.0727090200 0.1509154500
0.0726695100 0.1505220100
0.0726300000 0.1501291300
0.0725904800 0.1497368100
0.0725509700 0.1493450400
0.0725114600 0.1489538200
0.0724719500 0.1485631500
0.0724324400 0.1481730500
0.0723929300 0.1477834900
0.0723534100 0.1473944900
0.0723139000 0.1470060400
0.0722743900 0.1466181400
0.0722348800 0.1462308000
0.0721953700 0.1458440200
0.0721558600 0.1454577800
0.0721163400 0.1450721100
0.0720768300 0.1446869800
0.0720373200 0.1443024100
0.0719978100 0.1439183900
0.0719583000 0.1435349300
0.0719187900 0.1431520200
0.0718792700 0.1427696600
0.0718397600 0.1423878600
0.0718002500 0.1420066100
0.0717607400 0.1416259200
0.0717212300 0.1412457800
0.0716817200 0.1408661900
0.0716422000 0.1404871600
0.0716026900 0.1401086800
0.0715631800 0.1397307600
0.0715236700 0.1393533900
0.0714841600 0.1389765700
0.0714446500 0.1386003100
0.0714051300 0.1382246000
0.0713656200 0.1378494400
0.0713261100 0.1374748400
0.0712866000 0.1371007900
0.0712470900 0.1367273000
0.0712075800 0.1363543600
0.0711680600 0.1359819700
0.0711285500 0.1356101400
0.0710890400 0.1352388600
0.0710495300 0.1348681400
0.0710100200 0.1344979700
0.0709705100 0.1341283500
0.0709309900 0.1337592900
0.0708914800 0.1333907800
0.0708519700 0.1330228300
0.0708124600 0.1326554300
0.0707729500 0.1322885800
0.0707334400 0.1319222800
0.0706939200 0.1315565500
0.0706544100 0.1311913600
0.0706149000 0.1308267300
0.0705753900 0.1304626500
0.0705358800 0.1300991300
0.0704963700 0.1297361600
0.0704568500 0.1293737400
0.0704173400 0.1290118800
0.0703778300 0.1286505700
0.0703383200 0.1282898100
0.0702988100 0.1279296100
0.0702593000 0.1275699700
0.0702197800 0.1272108700
0.0701802700 0.1268523300
0.0701407600 0.1264943500
0.0701012500 0.1261369200
0.0700617400 0.1257800400
0.0700222300 0.1254237200
0.0699827100 0.1250679500
0.0699432000 0.1247127300
0.0699036900 0.1243580700
0.0698641800 0.1240039600
0.0698246700 0.1236504100
0.0697851600 0.1232974100
0.0697456400 0.1229449600
0.0697061300 0.1225930700
0.0696666200 0.1222417300
0.0696271100 0.1218909400
0.0695876000 0.1215407100
0.0695480900 0.1211910300
0.0695085700 0.1208419100
0.0694690600 0.1204933400
0.0694295500 0.1201453300
0.0693900400 0.1197978600
0.0693505300 0.1194509600
0.0693110200 0.1191046000
0.0692715000 0.1187588000
0.0692319900 0.1184135600
0.0691924800 0.1180688600
0.0691529700 0.1177247300
0.0691134600 0.1173811400
0.0690739500 0.1170381100
0.0690344300 0.1166956300
0.0689949200 0.1163537100
0.0689554100 0.1160123400
0.0689159000 0.1156715300
0.0688763900 0.1153312600
0.0688368800 0.1149915600
0.0687973700 0.1146524000
0.0687578500 0.1143138000
0.0687183400 0.1139757600
0.0686788300 0.1136382700
0.0686393200 0.1133013300
0.0685998100 0.1129649400
0.0685603000 0.1126291100
0.0685207800 0.1122938400
0.0684812700 0.1119591100
0.0684417600 0.1116249400
0.0684022500 0.1112913300
0.0683627400 0.1109582700
0.0683232300 0.1106257600
0.0682837100 0.1102938100
0.0682442000 0.1099624100
0.0682046900 0.1096315600
0.0681651800 0.1093012700
0.0681256700 0.1089715300
0.0680861600 0.1086423500
0.0680466400 0.1083137200
0.0680071300 0.1079856400
0.0679676200 0.1076581200
0.0679281100 0.1073311500
0.0678886000 0.1070047400
0.0678490900 0.1066788800
0.0678095700 0.1063535700
0.0677700600 0.1060288200
0.0677305500 0.1057046200
0.0676910400 0.1053809700
0.0676515300 0.1050578800
0.0676120200 0.1047353500
0.0675725000 0.1044133600
0.0675329900 0.1040919300
0.0674934800 0.1037710600
0.0674539700 0.1034507300
0.0674144600 0.1031309700
0.0673749500 0.1028117500
0.0673354300 0.1024930900
0.0672959200 0.1021749900
0.0672564100 0.1018574300
0.0672169000 0.1015404300
0.0671773900 0.1012239900
0.0671378800 0.1009081000
0.0670983600 0.1005927600
0.0670588500 0.1002779800
0.0670193400 0.0999637500
0.0669798300 0.0996500700
0.0669403200 0.0993369500
0.0669008100 0.0990243800
0.0668612900 0.0987123700
0.0668217800 0.0984009100
0.0667822700 0.0980900000
0.0667427600 0.0977796500
0.0667032500 0.0974698500
0.0666637400 0.0971606100
0.0666242200 0.0968519200
0.0665847100 0.0965437800
0.0665452000 0.0962362000
0.0665056900 0.0959291700
0.0664661800 0.0956226900
0.0664266700 0.0953167700
0.0663871500 0.0950114000
0.0663476400 0.0947065900
0.0663081300 0.0944023300
0.0662686200 0.0940986300
0.0662291100 0.0937954700
0.0661896000 0.0934928800
0.0661500800 0.0931908300
0.0661105700 0.0928893400
0.0660710600 0.0925884000
0.0660315500 0.0922880200
0.0659920400 0.0919881900
0.0659525300 0.0916889200
0.0659130100 0.0913902000
0.0658735000 0.0910920300
0.0658339900 0.0907944200
0.0657944800 0.0904973600
0.0657549700 0.0902008500
0.0657154600 0.0899049000
0.0656759400 0.0896095000
0.0656364300 0.0893146600
0.0655969200 0.0890203600
0.0655574100 0.0887266300
0.0655179000 0.0884334500
0.0654783900 0.0881408200
0.0654388700 0.0878487400
0.0653993600 0.0875572200
0.0653598500 0.0872662600
0.0653203400 0.0869758400
0.0652808300 0.0866859800
0.0652413200 0.0863966800
0.0652018000 0.0861079300
0.0651622900 0.0858197300
0.0651227800 0.0855320900
0.0650832700 0.0852450000
0.0650437600 0.0849584600
0.0650042500 0.0846724800
0.0649647300 0.0843870500
0.0649252200 0.0841021800
0.0648857100 0.0838178500
0.0648462000 0.0835340900
0.0648066900 0.0832508800
0.0647671800 0.0829682200
0.0647276600 0.0826861100
0.0646881500 0.0824045600
0.0646486400 0.0821235700
0.0646091300 0.0818431200
0.0645696200 0.0815632300
0.0645301100 0.0812839000
0.0644905900 0.0810051200
0.0644510800 0.0807268900
0.0644115700 0.0804492200
0.0643720600 0.0801721000
0.0643325500 0.0798955300
0.0642930400 0.0796195200
0.0642535300 0.0793440600
0.0642140100 0.0790691600
0.0641745000 0.0787948000
0.0641349900 0.0785210100
0.0640954800 0.0782477700
0.0640559700 0.0779750800
0.0640164600 0.0777029400
0.0639769400 0.0774313600
0.0639374300 0.0771603300
0.0638979200 0.0768898600
0.0638584100 0.0766199400
0.0638189000 0.0763505700
0.0637793900 0.0760817600
0.0637398700 0.0758135000
0.0637003600 0.0755458000
0.0636608500 0.0752786400
0.0636213400 0.0750120500
0.0635818300 0.0747460000
0.0635423200 0.0744805200
0.0635028000 0.0742155800
0.0634632900 0.0739512000
0.0634237800 0.0736873700
0.0633842700 0.0734241000
0.0633447600 0.0731613800
0.0633052500 0.0728992100
0.0632657300 0.0726376000
0.0632262200 0.0723765400
0.0631867100 0.0721160500
0.0631472000 0.0718561000
0.0631076900 0.0715967000
0.0630681800 0.0713378600
0.0630286600 0.0710795700
0.0629891500 0.0708218300
0.0629496400 0.0705646500
0.0629101300 0.0703080300
0.0628706200 0.0700519500
0.0628311100 0.0697964300
0.0627915900 0.0695414600
0.0627520800 0.0692870500
0.0627125700 0.0690332000
0.0626730600 0.0687798900
0.0626335500 0.0685271400
0.0625940400 0.0682749500
0.0625545200 0.0680233000
0.0625150100 0.0677722200
0.0624755000 0.0675216800
0.0624359900 0.0672717000
0.0623964800 0.0670222800
0.0623569700 0.0667734000
0.0623174500 0.0665250900
0.0622779400 0.0662773200
0.0622384300 0.0660301200
0.0621989200 0.0657834500
0.0621594100 0.0655373500
0.0621199000 0.0652918000
0.0620803800 0.0650468100
0.0620408700 0.0648023600
0.0620013600 0.0645584200
0.0619618500 0.0643149900
0.0619223400 0.0640720600
0.0618828300 0.0638296400
0.0618433100 0.0635877100
0.0618038000 0.0633462900
0.0617642900 0.0631053700
0.0617247800 0.0628649500
0.0616852700 0.0626250400
0.0616457600 0.0623856200
0.0616062400 0.0621467100
0.0615667300 0.0619083000
0.0615272200 0.0616704000
0.0614877100 0.0614329900
0.0614482000 0.0611960900
0.0614086900 0.0609596900
0.0613691700 0.0607237900
0.0613296600 0.0604884000
0.0612901500 0.0602535000
0.0612506400 0.0600191100
0.0612111300 0.0597852200
0.0611716200 0.0595518300
0.0611321000 0.0593189500
0.0610925900 0.0590865700
0.0610530800 0.0588546900
0.0610135700 0.0586233100
0.0609740600 0.0583924300
0.0609345500 0.0581620600
0.0608950300 0.0579321800
0.0608555200 0.0577028100
0.0608160100 0.0574739500
0.0607765000 0.0572455800
0.0607369900 0.0570177200
0.0606974800 0.0567903600
0.0606579600 0.0565635000
0.0606184500 0.0563371400
0.0605789400 0.0561112900
0.0605394300 0.0558859400
0.0604999200 0.0556610900
0.0604604100 0.0554367400
0.0604208900 0.0552128900
0.0603813800 0.0549895500
0.0603418700 0.0547667100
0.0603023600 0.0545443700
0.0602628500 0.0543225300
0.0602233400 0.0541012000
0.0601838200 0.0538803700
0.0601443100 0.0536600400
0.0601048000 0.0534402100
0.0600652900 0.0532208800
0.0600257800 0.0530020600
0.0599862700 0.0527837400
0.0599467600 0.0525659200
0.0599072400 0.0523486000
0.0598677300 0.0521317900
0.0598282200 0.0519154800
0.0597887100 0.0516996700
0.0597492000 0.0514843600
0.0597096900 0.0512695500
0.0596701700 0.0510552500
0.0596306600 0.0508414400
0.0595911500 0.0506281400
0.0595516400 0.0504153500
0.0595121300 0.0502030500
0.0594726200 0.0499912600
0.0594331000 0.0497799700
0.0593935900 0.0495691800
0.0593540800 0.0493589000
0.0593145700 0.0491491200
0.0592750600 0.0489398300
0.0592355500 0.0487310500
0.0591960300 0.0485227700
0.0591565200 0.0483150000
0.0591170100 0.0481077200
0.0590775000 0.0479009500
0.0590379900 0.0476946800
0.0589984800 0.0474889200
0.0589589600 0.0472836500
0.0589194500 0.0470788900
0.0588799400 0.0468746300
0.0588404300 0.0466708700
0.0588009200 0.0464676200
0.0587614100 0.0462648700
0.0587218900 0.0460626100
0.0586823800 0.0458608700
0.0586428700 0.0456596200
0.0586033600 0.0454588700
0.0585638500 0.0452586300
0.0585243400 0.0450588900
0.0584848200 0.0448596500
0.0584453100 0.0446609200
0.0584058000 0.0444626900
0.0583662900 0.0442649500
0.0583267800 0.0440677200
0.0582872700 0.0438710000
0.0582477500 0.0436747700
0.0582082400 0.0434790500
0.0581687300 0.0432838300
0.0581292200 0.0430891100
0.0580897100 0.0428949000
0.0580502000 0.0427011800
0.0580106800 0.0425079700
0.0579711700 0.0423152600
0.0579316600 0.0421230500
0.0578921500 0.0419313500
0.0578526400 0.0417401500
0.0578131300 0.0415494500
0.0577736100 0.0413592500
0.0577341000 0.0411695500
0.0576945900 0.0409803600
0.0576550800 0.0407916700
0.0576155700 0.0406034800
0.0575760600 0.0404157900
0.0575365400 0.0402286000
0.0574970300 0.0400419200
0.0574575200 0.0398557400
0.0574180100 0.0396700600
0.0573785000 0.0394848800
0.0573389900 0.0393002100
0.0572994700 0.0391160400
0.0572599600 0.0389323700
0.0572204500 0.0387492000
0.0571809400 0.0385665400
0.0571414300 0.0383843700
0.0571019200 0.0382027100
0.0570624000 0.0380215500
0.0570228900 0.0378408900
0.0569833800 0.0376607400
0.0569438700 0.0374810900
0.0569043600 0.0373019400
0.0568648500 0.0371232900
0.0568253300 0.0369451400
0.0567858200 0.0367675000
0.0567463100 0.0365903600
0.0567068000 0.0364137200
0.0566672900 0.0362375800
0.0566277800 0.0360619500
0.0565882600 0.0358868100
0.0565487500 0.0357121900
0.0565092400 0.0355380600
0.0564697300 0.0353644300
0.0564302200 0.0351913100
0.0563907100 0.0350186800
0.0563511900 0.0348465700
0.0563116800 0.0346749500
0.0562721700 0.0345038300
0.0562326600 0.0343332200
0.0561931500 0.0341631100
0.0561536400 0.0339935000
0.0561141200 0.0338244000
0.0560746100 0.0336557900
0.0560351000 0.0334876900
0.0559955900 0.0333200900
0.0559560800 0.0331529900
0.0559165700 0.0329864000
0.0558770500 0.0328203000
0.0558375400 0.0326547100
0.0557980300 0.0324896200
0.0557585200 0.0323250400
0.0557190100 0.0321609500
0.0556795000 0.0319973700
0.0556399800 0.0318342900
0.0556004700 0.0316717100
0.0555609600 0.0315096400
0.0555214500 0.0313480700
0.0554819400 0.0311869900
0.0554424300 0.0310264300
0.0554029200 0.0308663600
0.0553634000 0.0307067900
0.0553238900 0.0305477300
0.0552843800 0.0303891700
0.0552448700 0.0302311100
0.0552053600 0.0300735600
0.0551658500 0.0299165000
0.0551263300 0.0297599500
0.0550868200 0.0296039000
0.0550473100 0.0294483600
0.0550078000 0.0292933100
0.0549682900 0.0291387700
0.0549287800 0.0289847300
0.0548892600 0.0288311900
0.0548497500 0.0286781600
0.0548102400 0.0285256200
0.0547707300 0.0283735900
0.0547312200 0.0282220600
0.0546917100 0.0280710300
0.0546521900 0.0279205100
0.0546126800 0.0277704900
0.0545731700 0.0276209700
0.0545336600 0.0274719500
0.0544941500 0.0273234300
0.0544546400 0.0271754200
0.0544151200 0.0270279000
0.0543756100 0.0268809000
0.0543361000 0.0267343900
0.0542965900 0.0265883800
0.0542570800 0.0264428800
0.0542175700 0.0262978800
0.0541780500 0.0261533800
0.0541385400 0.0260093800
0.0540990300 0.0258658900
0.0540595200 0.0257229000
0.0540200100 0.0255804100
0.0539805000 0.0254384200
0.0539409800 0.0252969300
0.0539014700 0.0251559500
0.0538619600 0.0250154700
0.0538224500 0.0248754900
0.0537829400 0.0247360100
0.0537434300 0.0245970400
0.0537039100 0.0244585700
0.0536644000 0.0243206000
0.0536248900 0.0241831300
0.0535853800 0.0240461600
0.0535458700 0.0239097000
0.0535063600 0.0237737400
0.0534668400 0.0236382800
0.0534273300 0.0235033200
0.0533878200 0.0233688700
0.0533483100 0.0232349100
0.0533088000 0.0231014600
0.0532692900 0.0229685200
0.0532297700 0.0228360700
0.0531902600 0.0227041300
0.0531507500 0.0225726800
0.0531112400 0.0224417500
0.0530717300 0.0223113100
0.0530322200 0.0221813700
0.0529927000 0.0220519400
0.0529531900 0.0219230100
0.0529136800 0.0217945800
0.0528741700 0.0216666600
0.0528346600 0.0215392300
0.0527951500 0.0214123100
0.0527556300 0.0212858900
0.0527161200 0.0211599700
0.0526766100 0.0210345600
0.0526371000 0.0209096400
0.0525975900 0.0207852300
0.0525580800 0.0206613200
0.0525185600 0.0205379200
0.0524790500 0.0204150100
0.0524395400 0.0202926100
0.0524000300 0.0201707100
0.0523605200 0.0200493100
0.0523210100 0.0199284200
0.0522814900 0.0198080300
0.0522419800 0.0196881400
0.0522024700 0.0195687500
0.0521629600 0.0194498700
0.0521234500 0.0193314800
0.0520839400 0.0192136000
0.0520444200 0.0190962200
0.0520049100 0.0189793400
0.0519654000 0.0188629700
0.0519258900 0.0187470900
0.0518863800 0.0186317200
0.0518468700 0.0185168500
0.0518073500 0.0184024800
0.0517678400 0.0182886100
0.0517283300 0.0181752500
0.0516888200 0.0180623900
0.0516493100 0.0179500300
0.0516098000 0.0178381800
0.0515702800 0.0177268200
0.0515307700 0.0176159700
0.0514912600 0.0175056200
0.0514517500 0.0173957700
0.0514122400 0.0172864300
0.0513727300 0.0171775900
0.0513332100 0.0170692400
0.0512937000 0.0169614100
0.0512541900 0.0168540700
0.0512146800 0.0167472400
0.0511751700 0.0166409100
0.0511356600 0.0165350800
0.0510961400 0.0164297500
0.0510566300 0.0163249200
0.0510171200 0.0162206000
0.0509776100 0.0161167800
0.0509381000 0.0160134600
0.0508985900 0.0159106400
0.0508590800 0.0158083300
0.0508195600 0.0157065200
0.0507800500 0.0156052100
0.0507405400 0.0155044000
0.0507010300 0.0154040900
0.0506615200 0.0153042900
0.0506220100 0.0152049900
0.0505824900 0.0151061900
0.0505429800 0.0150079000
0.0505034700 0.0149101000
0.0504639600 0.0148128100
0.0504244500 0.0147160200
0.0503849400 0.0146197300
0.0503454200 0.0145239400
0.0503059100 0.0144286600
0.0502664000 0.0143338800
0.0502268900 0.0142396000
0.0501873800 0.0141458200
0.0501478700 0.0140525500
0.0501083500 0.0139597800
0.0500688400 0.0138675000
0.0500293300 0.0137757400
0.0499898200 0.0136844700
0.0499503100 0.0135937100
0.0499108000 0.0135034500
0.0498712800 0.0134136900
0.0498317700 0.0133244300
0.0497922600 0.0132356700
0.0497527500 0.0131474200
0.0497132400 0.0130596700
0.0496737300 0.0129724200
0.0496342100 0.0128856800
0.0495947000 0.0127994300
0.0495551900 0.0127136900
0.0495156800 0.0126284500
0.0494761700 0.0125437100
0.0494366600 0.0124594800
0.0493971400 0.0123757400
0.0493576300 0.0122925100
0.0493181200 0.0122097800
0.0492786100 0.0121275600
0.0492391000 0.0120458300
0.0491995900 0.0119646100
0.0491600700 0.0118838900
0.0491205600 0.0118036700
0.0490810500 0.0117239600
0.0490415400 0.0116447500
0.0490020300 0.0115660300
0.0489625200 0.0114878300
0.0489230000 0.0114101200
0.0488834900 0.0113329100
0.0488439800 0.0112562100
0.0488044700 0.0111800100
0.0487649600 0.0111043100
0.0487254500 0.0110291200
0.0486859300 0.0109544200
0.0486464200 0.0108802300
0.0486069100 0.0108065400
0.0485674000 0.0107333600
0.0485278900 0.0106606700
0.0484883800 0.0105884900
0.0484488600 0.0105168100
0.0484093500 0.0104456300
0.0483698400 0.0103749600
0.0483303300 0.0103047800
0.0482908200 0.0102351100
0.0482513100 0.0101659400
0.0482117900 0.0100972700
0.0481722800 0.0100291100
0.0481327700 0.0099614500
0.0480932600 0.0098942900
0.0480537500 0.0098276300
0.0480142400 0.0097614700
0.0479747200 0.0096958200
0.0479352100 0.0096306600
0.0478957000 0.0095660100
0.0478561900 0.0095018700
0.0478166800 0.0094382200
0.0477771700 0.0093750200
0.0477376500 0.0093121600
0.0476981400 0.0092496400
0.0476586300 0.0091874400
0.0476191200 0.0091255800
0.0475796100 0.0090640500
0.0475401000 0.0090028500
0.0475005800 0.0089419800
0.0474610700 0.0088814500
0.0474215600 0.0088212500
0.0473820500 0.0087613700
0.0473425400 0.0087018100
0.0473030300 0.0086425800
0.0472635100 0.0085836500
0.0472240000 0.0085250500
0.0471844900 0.0084667700
0.0471449800 0.0084088000
0.0471054700 0.0083511500
0.0470659600 0.0082938100
0.0470264400 0.0082367900
0.0469869300 0.0081801000
0.0469474200 0.0081237100
0.0469079100 0.0080676500
0.0468684000 0.0080119000
0.0468288900 0.0079564700
0.0467893700 0.0079013600
0.0467498600 0.0078465600
0.0467103500 0.0077920800
0.0466708400 0.0077379200
0.0466313300 0.0076840800
0.0465918200 0.0076305600
0.0465523000 0.0075773500
0.0465127900 0.0075244600
0.0464732800 0.0074718800
0.0464337700 0.0074196300
0.0463942600 0.0073676900
0.0463547500 0.0073160600
0.0463152400 0.0072647600
0.0462757200 0.0072137700
0.0462362100 0.0071631000
0.0461967000 0.0071127500
0.0461571900 0.0070627200
0.0461176800 0.0070130000
0.0460781700 0.0069636000
0.0460386500 0.0069145100
0.0459991400 0.0068657500
0.0459596300 0.0068173000
0.0459201200 0.0067691700
0.0458806100 0.0067213600
0.0458411000 0.0066738600
0.0458015800 0.0066266800
0.0457620700 0.0065798200
0.0457225600 0.0065332800
0.0456830500 0.0064870500
0.0456435400 0.0064411400
0.0456040300 0.0063955500
0.0455645100 0.0063502700
0.0455250000 0.0063053100
0.0454854900 0.0062606700
0.0454459800 0.0062163500
0.0454064700 0.0061723500
0.0453669600 0.0061286500
0.0453274400 0.0060852500
0.0452879300 0.0060421400
0.0452484200 0.0059993300
0.0452089100 0.0059567900
0.0451694000 0.0059145400
0.0451298900 0.0058725900
0.0450903700 0.0058309300
0.0450508600 0.0057895600
0.0450113500 0.0057484700
0.0449718400 0.0057076800
0.0449323300 0.0056671800
0.0448928200 0.0056269600
0.0448533000 0.0055870400
0.0448137900 0.0055474100
0.0447742800 0.0055080600
0.0447347700 0.0054690100
0.0446952600 0.0054302500
0.0446557500 0.0053917700
0.0446162300 0.0053535900
0.0445767200 0.0053156800
0.0445372100 0.0052780300
0.0444977000 0.0052406500
0.0444581900 0.0052035300
0.0444186800 0.0051666800
0.0443791600 0.0051300900
0.0443396500 0.0050937600
0.0443001400 0.0050577000
0.0442606300 0.0050219000
0.0442211200 0.0049863700
0.0441816100 0.0049511000
0.0441420900 0.0049160900
0.0441025800 0.0048813500
0.0440630700 0.0048468700
0.0440235600 0.0048126500
0.0439840500 0.0047787000
0.0439445400 0.0047450200
0.0439050200 0.0047115900
0.0438655100 0.0046784300
0.0438260000 0.0046454700
0.0437864900 0.0046127000
0.0437469800 0.0045801400
0.0437074700 0.0045477700
0.0436679500 0.0045156000
0.0436284400 0.0044836200
0.0435889300 0.0044518500
0.0435494200 0.0044202700
0.0435099100 0.0043888900
0.0434704000 0.0043577100
0.0434308800 0.0043267200
0.0433913700 0.0042959300
0.0433518600 0.0042653400
0.0433123500 0.0042349500
0.0432728400 0.0042047600
0.0432333300 0.0041747600
0.0431938100 0.0041449600
0.0431543000 0.0041153500
0.0431147900 0.0040859500
0.0430752800 0.0040567400
0.0430357700 0.0040277300
0.0429962600 0.0039989200
0.0429567400 0.0039703000
0.0429172300 0.0039418900
0.0428777200 0.0039136700
0.0428382100 0.0038856400
0.0427987000 0.0038578200
0.0427591900 0.0038301900
0.0427196700 0.0038027600
0.0426801600 0.0037755300
0.0426406500 0.0037484900
0.0426011400 0.0037216600
0.0425616300 0.0036950200
0.0425221200 0.0036685800
0.0424826000 0.0036423300
0.0424430900 0.0036162500
0.0424035800 0.0035903500
0.0423640700 0.0035646200
0.0423245600 0.0035390700
0.0422850500 0.0035136800
0.0422455300 0.0034884700
0.0422060200 0.0034634300
0.0421665100 0.0034385600
0.0421270000 0.0034138600
0.0420874900 0.0033893300
0.0420479800 0.0033649700
0.0420084600 0.0033407800
0.0419689500 0.0033167500
0.0419294400 0.0032928900
0.0418899300 0.0032691900
0.0418504200 0.0032456700
0.0418109100 0.0032223000
0.0417714000 0.0031990900
0.0417318800 0.0031760600
0.0416923700 0.0031531900
0.0416528600 0.0031304800
0.0416133500 0.0031079400
0.0415738400 0.0030855700
0.0415343300 0.0030633600
0.0414948100 0.0030413200
0.0414553000 0.0030194400
0.0414157900 0.0029977300
0.0413762800 0.0029761900
0.0413367700 0.0029548100
0.0412972600 0.0029335900
0.0412577400 0.0029125500
0.0412182300 0.0028916600
0.0411787200 0.0028709500
0.0411392100 0.0028503900
0.0410997000 0.0028300100
0.0410601900 0.0028097900
0.0410206700 0.0027897300
0.0409811600 0.0027698400
0.0409416500 0.0027501200
0.0409021400 0.0027305600
0.0408626300 0.0027111600
0.0408231200 0.0026919400
0.0407836000 0.0026728700
0.0407440900 0.0026539800
0.0407045800 0.0026352500
0.0406650700 0.0026166800
0.0406255600 0.0025982800
0.0405860500 0.0025800500
0.0405465300 0.0025619800
0.0405070200 0.0025440800
0.0404675100 0.0025263400
0.0404280000 0.0025087600
0.0403884900 0.0024913600
0.0403489800 0.0024741200
0.0403094600 0.0024570500
0.0402699500 0.0024401400
0.0402304400 0.0024233900
0.0401909300 0.0024067900
0.0401514200 0.0023903400
0.0401119100 0.0023740300
0.0400723900 0.0023578700
0.0400328800 0.0023418400
0.0399933700 0.0023259200
0.0399538600 0.0023100900
0.0399143500 0.0022943700
0.0398748400 0.0022787500
0.0398353200 0.0022632300
0.0397958100 0.0022478100
0.0397563000 0.0022324900
0.0397167900 0.0022172800
0.0396772800 0.0022021600
0.0396377700 0.0021871500
0.0395982500 0.0021722400
0.0395587400 0.0021574300
0.0395192300 0.0021427200
0.0394797200 0.0021281200
0.0394402100 0.0021136100
0.0394007000 0.0020992100
0.0393611800 0.0020849100
0.0393216700 0.0020707100
0.0392821600 0.0020566100
0.0392426500 0.0020426200
0.0392031400 0.0020287200
0.0391636300 0.0020149300
0.0391241100 0.0020012300
0.0390846000 0.0019876400
0.0390450900 0.0019741600
0.0390055800 0.0019607700
0.0389660700 0.0019474800
0.0389265600 0.0019343000
0.0388870400 0.0019212200
0.0388475300 0.0019082400
0.0388080200 0.0018953600
0.0387685100 0.0018825800
0.0387290000 0.0018699000
0.0386894900 0.0018573300
0.0386499700 0.0018448600
0.0386104600 0.0018324900
0.0385709500 0.0018202200
0.0385314400 0.0018080500
0.0384919300 0.0017959800
0.0384524200 0.0017840200
0.0384129000 0.0017721500
0.0383733900 0.0017603900
0.0383338800 0.0017487300
0.0382943700 0.0017371700
0.0382548600 0.0017257100
0.0382153500 0.0017143600
0.0381758300 0.0017031000
0.0381363200 0.0016919600
0.0380968100 0.0016809100
0.0380573000 0.0016699500
0.0380177900 0.0016591000
0.0379782800 0.0016483600
0.0379387600 0.0016377100
0.0378992500 0.0016271700
0.0378597400 0.0016167300
0.0378202300 0.0016063900
0.0377807200 0.0015961400
0.0377412100 0.0015859900
0.0377016900 0.0015759400
0.0376621800 0.0015659900
0.0376226700 0.0015561400
0.0375831600 0.0015463800
0.0375436500 0.0015367200
0.0375041400 0.0015271600
0.0374646200 0.0015176900
0.0374251100 0.0015083300
0.0373856000 0.0014990600
0.0373460900 0.0014898700
0.0373065800 0.0014807500
0.0372670700 0.0014717100
0.0372275600 0.0014627400
0.0371880400 0.0014538500
0.0371485300 0.0014450300
0.0371090200 0.0014362800
0.0370695100 0.0014276100
0.0370300000 0.0014190100
0.0369904900 0.0014104900
0.0369509700 0.0014020100
0.0369114600 0.0013935800
0.0368719500 0.0013852000
0.0368324400 0.0013768700
0.0367929300 0.0013685700
0.0367534200 0.0013603200
0.0367139000 0.0013521200
0.0366743900 0.0013439600
0.0366348800 0.0013358500
0.0365953700 0.0013277800
0.0365558600 0.0013197600
0.0365163500 0.0013117900
0.0364768300 0.0013038600
0.0364373200 0.0012959800
0.0363978100 0.0012881300
0.0363583000 0.0012803400
0.0363187900 0.0012725900
0.0362792800 0.0012648900
0.0362397600 0.0012572300
0.0362002500 0.0012496200
0.0361607400 0.0012420500
0.0361212300 0.0012345200
0.0360817200 0.0012270500
0.0360422100 0.0012196100
0.0360026900 0.0012122200
0.0359631800 0.0012048600
0.0359236700 0.0011975500
0.0358841600 0.0011902700
0.0358446500 0.0011830300
0.0358051400 0.0011758200
0.0357656200 0.0011686600
0.0357261100 0.0011615300
0.0356866000 0.0011544400
0.0356470900 0.0011473800
0.0356075800 0.0011403600
0.0355680700 0.0011333900
0.0355285500 0.0011264400
0.0354890400 0.0011195400
0.0354495300 0.0011126700
0.0354100200 0.0011058400
0.0353705100 0.0010990500
0.0353310000 0.0010923000
0.0352914800 0.0010855800
0.0352519700 0.0010789000
0.0352124600 0.0010722600
0.0351729500 0.0010656600
0.0351334400 0.0010590900
0.0350939300 0.0010525600
0.0350544100 0.0010460700
0.0350149000 0.0010396200
0.0349753900 0.0010332100
0.0349358800 0.0010268200
0.0348963700 0.0010204800
0.0348568600 0.0010141800
0.0348173400 0.0010079100
0.0347778300 0.0010016800
0.0347383200 0.0009954900
0.0346988100 0.0009893400
0.0346593000 0.0009832300
0.0346197900 0.0009771400
0.0345802700 0.0009711100
0.0345407600 0.0009651000
0.0345012500 0.0009591300
0.0344617400 0.0009532000
0.0344222300 0.0009473000
0.0343827200 0.0009414300
0.0343432000 0.0009356000
0.0343036900 0.0009298100
0.0342641800 0.0009240500
0.0342246700 0.0009183100
0.0341851600 0.0009126200
0.0341456500 0.0009069600
0.0341061300 0.0009013200
0.0340666200 0.0008957200
0.0340271100 0.0008901400
0.0339876000 0.0008846000
0.0339480900 0.0008790800
0.0339085800 0.0008736000
0.0338690600 0.0008681400
0.0338295500 0.0008627200
0.0337900400 0.0008573200
0.0337505300 0.0008519600
0.0337110200 0.0008466200
0.0336715100 0.0008413100
0.0336319900 0.0008360400
0.0335924800 0.0008307900
0.0335529700 0.0008255700
0.0335134600 0.0008203800
0.0334739500 0.0008152300
0.0334344400 0.0008101000
0.0333949200 0.0008050000
0.0333554100 0.0007999300
0.0333159000 0.0007948900
0.0332763900 0.0007898900
0.0332368800 0.0007849100
0.0331973700 0.0007799500
0.0331578600 0.0007750400
0.0331183400 0.0007701500
0.0330788300 0.0007652900
0.0330393200 0.0007604500
0.0329998100 0.0007556500
0.0329603000 0.0007508800
0.0329207900 0.0007461400
0.0328812700 0.0007414300
0.0328417600 0.0007367500
0.0328022500 0.0007320900
0.0327627400 0.0007274700
0.0327232300 0.0007228800
0.0326837200 0.0007183200
0.0326442000 0.0007137900
0.0326046900 0.0007092800
0.0325651800 0.0007048000
0.0325256700 0.0007003500
0.0324861600 0.0006959300
0.0324466500 0.0006915300
0.0324071300 0.0006871600
0.0323676200 0.0006828200
0.0323281100 0.0006784900
0.0322886000 0.0006742000
0.0322490900 0.0006699400
0.0322095800 0.0006657000
0.0321700600 0.0006614800
0.0321305500 0.0006572800
0.0320910400 0.0006531100
0.0320515300 0.0006489700
0.0320120200 0.0006448500
0.0319725100 0.0006407500
0.0319329900 0.0006366800
0.0318934800 0.0006326300
0.0318539700 0.0006286100
0.0318144600 0.0006246100
0.0317749500 0.0006206300
0.0317354400 0.0006166700
0.0316959200 0.0006127300
0.0316564100 0.0006088200
0.0316169000 0.0006049200
0.0315773900 0.0006010400
0.0315378800 0.0005971800
0.0314983700 0.0005933400
0.0314588500 0.0005895300
0.0314193400 0.0005857300
0.0313798300 0.0005819500
0.0313403200 0.0005781900
0.0313008100 0.0005744500
0.0312613000 0.0005707300
0.0312217800 0.0005670300
0.0311822700 0.0005633400
0.0311427600 0.0005596800
0.0311032500 0.0005560300
0.0310637400 0.0005524000
0.0310242300 0.0005487900
0.0309847100 0.0005452000
0.0309452000 0.0005416300
0.0309056900 0.0005380700
0.0308661800 0.0005345300
0.0308266700 0.0005310100
0.0307871600 0.0005275100
0.0307476400 0.0005240300
0.0307081300 0.0005205600
0.0306686200 0.0005171200
0.0306291100 0.0005136900
0.0305896000 0.0005102700
0.0305500900 0.0005068800
0.0305105700 0.0005035000
0.0304710600 0.0005001400
0.0304315500 0.0004968000
0.0303920400 0.0004934800
0.0303525300 0.0004901700
0.0303130200 0.0004868800
0.0302735000 0.0004836100
0.0302339900 0.0004803600
0.0301944800 0.0004771200
0.0301549700 0.0004739100
0.0301154600 0.0004707100
0.0300759500 0.0004675300
0.0300364300 0.0004643600
0.0299969200 0.0004612200
0.0299574100 0.0004580900
0.0299179000 0.0004549800
0.0298783900 0.0004518900
0.0298388800 0.0004488100
0.0297993600 0.0004457500
0.0297598500 0.0004427200
0.0297203400 0.0004397000
0.0296808300 0.0004366900
0.0296413200 0.0004337100
0.0296018100 0.0004307400
0.0295622900 0.0004277900
0.0295227800 0.0004248500
0.0294832700 0.0004219400
0.0294437600 0.0004190400
0.0294042500 0.0004161600
0.0293647400 0.0004133000
0.0293252200 0.0004104500
0.0292857100 0.0004076300
0.0292462000 0.0004048200
0.0292066900 0.0004020300
0.0291671800 0.0003992500
0.0291276700 0.0003964900
0.0290881500 0.0003937500
0.0290486400 0.0003910200
0.0290091300 0.0003883100
0.0289696200 0.0003856100
0.0289301100 0.0003829300
0.0288906000 0.0003802600
0.0288510800 0.0003776100
0.0288115700 0.0003749800
0.0287720600 0.0003723600
0.0287325500 0.0003697600
0.0286930400 0.0003671700
0.0286535300 0.0003646000
0.0286140100 0.0003620400
0.0285745000 0.0003595000
0.0285349900 0.0003569800
0.0284954800 0.0003544700
0.0284559700 0.0003519800
0.0284164600 0.0003495000
0.0283769500 0.0003470400
0.0283374300 0.0003445900
0.0282979200 0.0003421600
0.0282584100 0.0003397400
0.0282189000 0.0003373400
0.0281793900 0.0003349600
0.0281398800 0.0003325900
0.0281003600 0.0003302400
0.0280608500 0.0003279000
0.0280213400 0.0003255800
0.0279818300 0.0003232700
0.0279423200 0.0003209800
0.0279028100 0.0003187100
0.0278632900 0.0003164500
0.0278237800 0.0003142000
0.0277842700 0.0003119700
0.0277447600 0.0003097700
0.0277052500 0.0003075600
0.0276657400 0.0003053800
0.0276262200 0.0003032000
0.0275867100 0.0003010400
0.0275472000 0.0002988800
0.0275076900 0.0002967500
0.0274681800 0.0002946100
0.0274286700 0.0002924900
0.0273891500 0.0002903800
0.0273496400 0.0002882900
0.0273101300 0.0002862000
0.0272706200 0.0002841200
0.0272311100 0.0002820600
0.0271916000 0.0002800100
0.0271520800 0.0002779700
0.0271125700 0.0002759300
0.0270730600 0.0002739100
0.0270335500 0.0002719100
0.0269940400 0.0002699100
0.0269545300 0.0002679200
0.0269150100 0.0002659400
0.0268755000 0.0002639800
0.0268359900 0.0002620300
0.0267964800 0.0002600900
0.0267569700 0.0002581600
0.0267174600 0.0002562400
0.0266779400 0.0002543300
0.0266384300 0.0002524400
0.0265989200 0.0002505500
0.0265594100 0.0002486700
0.0265199000 0.0002468100
0.0264803900 0.0002449600
0.0264408700 0.0002431100
0.0264013600 0.0002412800
0.0263618500 0.0002394700
0.0263223400 0.0002376600
0.0262828300 0.0002358600
0.0262433200 0.0002340800
0.0262038000 0.0002323000
0.0261642900 0.0002305400
0.0261247800 0.0002287900
0.0260852700 0.0002270500
0.0260457600 0.0002253200
0.0260062500 0.0002236100
0.0259667300 0.0002219000
0.0259272200 0.0002202100
0.0258877100 0.0002185200
0.0258482000 0.0002168500
0.0258086900 0.0002151800
0.0257691800 0.0002135200
0.0257296600 0.0002118800
0.0256901500 0.0002102400
0.0256506400 0.0002086200
0.0256111300 0.0002070100
0.0255716200 0.0002054000
0.0255321100 0.0002038100
0.0254925900 0.0002022300
0.0254530800 0.0002006600
0.0254135700 0.0001990900
0.0253740600 0.0001975400
0.0253345500 0.0001960000
0.0252950400 0.0001944700
0.0252555200 0.0001929500
0.0252160100 0.0001914400
0.0251765000 0.0001899400
0.0251369900 0.0001884500
0.0250974800 0.0001869700
0.0250579700 0.0001855000
0.0250184500 0.0001840400
0.0249789400 0.0001826000
0.0249394300 0.0001811600
0.0248999200 0.0001797300
0.0248604100 0.0001783100
0.0248209000 0.0001769100
0.0247813800 0.0001755100
0.0247418700 0.0001741300
0.0247023600 0.0001727500
0.0246628500 0.0001713800
0.0246233400 0.0001700300
0.0245838300 0.0001686800
0.0245443100 0.0001673500
0.0245048000 0.0001660300
0.0244652900 0.0001647200
0.0244257800 0.0001634100
0.0243862700 0.0001621200
0.0243467600 0.0001608500
0.0243072400 0.0001595800
0.0242677300 0.0001583200
0.0242282200 0.0001570800
0.0241887100 0.0001558400
0.0241492000 0.0001546200
0.0241096900 0.0001534100
0.0240701700 0.0001522000
0.0240306600 0.0001510100
0.0239911500 0.0001498300
0.0239516400 0.0001486700
0.0239121300 0.0001475100
0.0238726200 0.0001463600
0.0238331100 0.0001452300
0.0237935900 0.0001441000
0.0237540800 0.0001429900
0.0237145700 0.0001418900
0.0236750600 0.0001408000
0.0236355500 0.0001397200
0.0235960400 0.0001386500
0.0235565200 0.0001376000
0.0235170100 0.0001365600
0.0234775000 0.0001355200
0.0234379900 0.0001345000
0.0233984800 0.0001335000
0.0233589700 0.0001325000
0.0233194500 0.0001315100
0.0232799400 0.0001305300
0.0232404300 0.0001295600
0.0232009200 0.0001286000
0.0231614100 0.0001276500
0.0231219000 0.0001267100
0.0230823800 0.0001257800
0.0230428700 0.0001248600
0.0230033600 0.0001239500
0.0229638500 0.0001230500
0.0229243400 0.0001221500
0.0228848300 0.0001212600
0.0228453100 0.0001203800
0.0228058000 0.0001195000
0.0227662900 0.0001186400
0.0227267800 0.0001177800
0.0226872700 0.0001169300
0.0226477600 0.0001160900
0.0226082400 0.0001152500
0.0225687300 0.0001144200
0.0225292200 0.0001135900
0.0224897100 0.0001127800
0.0224502000 0.0001119700
0.0224106900 0.0001111600
0.0223711700 0.0001103700
0.0223316600 0.0001095800
0.0222921500 0.0001088000
0.0222526400 0.0001080200
0.0222131300 0.0001072500
0.0221736200 0.0001064900
0.0221341000 0.0001057400
0.0220945900 0.0001049900
0.0220550800 0.0001042500
0.0220155700 0.0001035200
0.0219760600 0.0001028000
0.0219365500 0.0001020900
0.0218970300 0.0001013800
0.0218575200 0.0001006800
0.0218180100 0.0000999800
0.0217785000 0.0000992900
0.0217389900 0.0000986000
0.0216994800 0.0000979200
0.0216599700 0.0000972600
0.0216204500 0.0000965800
0.0215809400 0.0000959200
0.0215414300 0.0000952600
0.0215019200 0.0000946000
0.0214624100 0.0000939600
0.0214228900 0.0000933100
0.0213833800 0.0000926800
0.0213438700 0.0000920400
0.0213043600 0.0000914200
0.0212648500 0.0000908000
0.0212253400 0.0000901800
0.0211858200 0.0000895700
0.0211463100 0.0000889600
0.0211068000 0.0000883600
0.0210672900 0.0000877700
0.0210277800 0.0000871800
0.0209882700 0.0000866000
0.0209487500 0.0000860200
0.0209092400 0.0000854500
0.0208697300 0.0000848800
0.0208302200 0.0000843200
0.0207907100 0.0000837700
0.0207512000 0.0000832200
0.0207116800 0.0000826700
0.0206721700 0.0000821400
0.0206326600 0.0000816000
0.0205931500 0.0000810800
0.0205536400 0.0000805500
0.0205141300 0.0000800400
0.0204746200 0.0000795300
0.0204351000 0.0000790200
0.0203955900 0.0000785300
0.0203560800 0.0000780300
0.0203165700 0.0000775500
0.0202770600 0.0000770600
0.0202375500 0.0000765800
0.0201980400 0.0000761100
0.0201585200 0.0000756300
0.0201190100 0.0000751700
0.0200795000 0.0000747000
0.0200399900 0.0000742400
0.0200004800 0.0000737900
0.0199609600 0.0000733400
0.0199214500 0.0000728900
0.0198819400 0.0000724500
0.0198424300 0.0000720100
0.0198029200 0.0000715700
0.0197634100 0.0000711400
0.0197238900 0.0000707200
0.0196843800 0.0000703000
0.0196448700 0.0000698800
0.0196053600 0.0000694700
0.0195658500 0.0000690600
0.0195263400 0.0000686600
0.0194868200 0.0000682600
0.0194473100 0.0000678600
0.0194078000 0.0000674700
0.0193682900 0.0000670800
0.0193287800 0.0000667000
0.0192892700 0.0000663300
0.0192497500 0.0000659500
0.0192102400 0.0000655900
0.0191707300 0.0000652200
0.0191312300 0.0000648700
0.0190917100 0.0000645100
0.0190522000 0.0000641600
0.0190126800 0.0000638200
0.0189731700 0.0000634800
0.0189336600 0.0000631500
0.0188941500 0.0000628200
0.0188546400 0.0000624900
0.0188151400 0.0000621800
0.0187756100 0.0000618500
0.0187361100 0.0000615500
0.0186965900 0.0000612400
0.0186570900 0.0000609400
0.0186175700 0.0000606300
0.0185780600 0.0000603300
0.0185385400 0.0000600400
0.0184990400 0.0000597600
0.0184595200 0.0000594700
0.0184200100 0.0000591900
0.0183805000 0.0000589100
0.0183409900 0.0000586400
0.0183014800 0.0000583700
0.0182619700 0.0000581100
0.0182224500 0.0000578400
0.0181829400 0.0000575800
0.0181434300 0.0000573200
0.0181039200 0.0000570600
0.0180644200 0.0000568100
0.0180248900 0.0000565600
0.0179853800 0.0000563100
0.0179458700 0.0000560700
0.0179063600 0.0000558200
0.0178668500 0.0000555800
0.0178273300 0.0000553400
0.0177878200 0.0000551100
0.0177483100 0.0000548800
0.0177088000 0.0000546500
0.0176692900 0.0000544200
0.0176297800 0.0000542000
0.0175902600 0.0000539700
0.0175507500 0.0000537500
0.0175112400 0.0000535400
0.0174717300 0.0000533300
0.0174322200 0.0000531200
0.0173927100 0.0000529100
0.0173532000 0.0000527100
0.0173136900 0.0000525100
0.0172741800 0.0000523200
0.0172346600 0.0000521300
0.0171951500 0.0000519400
0.0171556400 0.0000517600
0.0171161200 0.0000515700
0.0170766100 0.0000514000
0.0170371100 0.0000512300
0.0169976100 0.0000510600
0.0169581000 0.0000508900
0.0169185700 0.0000507300
0.0168790500 0.0000505700
0.0168395400 0.0000504100
0.0168000300 0.0000502600
0.0167605200 0.0000501100
0.0167210100 0.0000499700
0.0166815000 0.0000498300
0.0166419900 0.0000497000
0.0166024700 0.0000495700
0.0165629600 0.0000494400
0.0165234500 0.0000493100
0.0164839400 0.0000491900
0.0164444300 0.0000490700
0.0164049100 0.0000489600
0.0163654200 0.0000488500
0.0163258900 0.0000487400
0.0162863800 0.0000486300
0.0162468700 0.0000485300
0.0162073600 0.0000484300
0.0161678500 0.0000483300
0.0161283300 0.0000482400
0.0160888200 0.0000481400
0.0160493100 0.0000480500
0.0160098000 0.0000479600
0.0159702900 0.0000478800
0.0159307800 0.0000477900
0.0158912600 0.0000477100
0.0158517500 0.0000476300
0.0158122400 0.0000475500
0.0157727300 0.0000474700
0.0157332200 0.0000474000
0.0156937000 0.0000473200
0.0156541900 0.0000472500
0.0156146800 0.0000471800
0.0155751700 0.0000471200
0.0155356600 0.0000470600
0.0154961500 0.0000469900
0.0154566400 0.0000469300
0.0154171200 0.0000468800
0.0153776100 0.0000468200
0.0153381000 0.0000467700
0.0152985900 0.0000467200
0.0152590800 0.0000466800
0.0152195700 0.0000466400
0.0151800600 0.0000466000
0.0151405500 0.0000465600
0.0151010400 0.0000465200
0.0150615300 0.0000464900
0.0150220300 0.0000464600
0.0149825200 0.0000464200
0.0149430100 0.0000463900
0.0149035200 0.0000463700
0.0148640200 0.0000463400
0.0148245300 0.0000463200
0.0147850400 0.0000462900
0.0147454300 0.0000462600
0.0147059100 0.0000462400
0.0146664000 0.0000462200
0.0146268900 0.0000462000
0.0145873800 0.0000461800
0.0145478700 0.0000461600
0.0145083600 0.0000461400
0.0144688500 0.0000461200
0.0144293300 0.0000461000
0.0143898200 0.0000460900
0.0143503100 0.0000460700
0.0143108000 0.0000460600
0.0142713000 0.0000460400
0.0142317800 0.0000460300
0.0141923200 0.0000460200
0.0141527500 0.0000460100
0.0141132400 0.0000460000
0.0140737700 0.0000459900
0.0140342600 0.0000459800
0.0139947400 0.0000459800
0.0139552300 0.0000459700
0.0139157300 0.0000459600
0.0138762600 0.0000459600
0.0138370800 0.0000459600
0.0137973200 0.0000459500
0.0137576400 0.0000459500
0.0137181500 0.0000459400
0.0136842800 0.0000459400
