  0.1568359728  0.4606363568
  0.1552731730  0.4426380478
  0.1537103733  0.4251004914
  0.1521475736  0.4080231389
  0.1505847738  0.3914059902
  0.1490219741  0.3752490452
  0.1474591744  0.3595523014
  0.1458963747  0.3443157550
  0.1443335749  0.3295015907
  0.1427707752  0.3150741157
  0.1412079755  0.3010333299
  0.1396451757  0.2873792350
  0.1380823760  0.2741118268
  0.1365195763  0.2612311092
  0.1349567765  0.2487370811
  0.1333939768  0.2366297425
  0.1318311771  0.2249090933
  0.1302683774  0.2135751334
  0.1287055776  0.2026278629
  0.1271427779  0.1920672827
  0.1255799782  0.1818933890
  0.1240171784  0.1721061865
  0.1224543787  0.1627056733
  0.1208915790  0.1536918509
  0.1193287793  0.1450629695
  0.1177659795  0.1368054796
  0.1162031798  0.1289165368
  0.1146403801  0.1213961354
  0.1130775803  0.1142360956
  0.1115147806  0.1073516786
  0.1099519809  0.1007204851
  0.1083891812  0.0943425164
  0.1068263814  0.0882177661
  0.1052635817  0.0823462415
  0.1037007820  0.0767279401
  0.1021379822  0.0713628624
  0.1005751825  0.0662510059
  0.0990123828  0.0613922417
  0.0974495831  0.0567862520
  0.0958867833  0.0524330242
  0.0943239836  0.0483231716
  0.0927611839  0.0444373011
  0.0911983841  0.0407748222
  0.0896355844  0.0373357355
  0.0880727847  0.0341200388
  0.0865099850  0.0311277342
  0.0849471852  0.0283588212
  0.0833843855  0.0258132995
  0.0818215858  0.0234796350
  0.0802587860  0.0213374412
  0.0786959863  0.0193863290
  0.0771331866  0.0176253392
  0.0755703869  0.0160139396
  0.0740075871  0.0145208067
  0.0724447874  0.0131451211
  0.0708819877  0.0118866984
  0.0693191879  0.0107443617
  0.0677563882  0.0097137256
  0.0661935885  0.0087815832
  0.0646307888  0.0079386684
  0.0630679890  0.0071705859
  0.0615051893  0.0064749876
  0.0599423896  0.0058518752
  0.0583795898  0.0053010380
  0.0568167901  0.0048150248
  0.0552539904  0.0043863406
  0.0536911907  0.0040024019
  0.0521283909  0.0036523872
  0.0505655912  0.0033347082
  0.0490027915  0.0030420430
  0.0474399917  0.0027736550
  0.0458771920  0.0025279515
  0.0443143923  0.0023018282
  0.0427515926  0.0020953882
  0.0411887928  0.0019086336
  0.0396259931  0.0017413803
  0.0380631934  0.0015905331
  0.0365003936  0.0014526910
  0.0349375939  0.0013236538
  0.0333747942  0.0012006206
  0.0318119945  0.0010835824
  0.0302491947  0.0009725481
  0.0286863950  0.0008675140
  0.0271235953  0.0007684792
  0.0255607955  0.0006754461
  0.0239979958  0.0005884125
  0.0224351961  0.0005073819
  0.0208723964  0.0004323498
  0.0193095966  0.0003633172
  0.0177467969  0.0003002863
  0.0161839972  0.0002432552
  0.0146211974  0.0001922248
  0.0130583977  0.0001471947
  0.0114955980  0.0001081654
  0.0099327983  0.0000751366
  0.0083699985  0.0000481117
  0.0068071988  0.0000270838
  0.0052443991  0.0000120548
  0.0036815993  0.0000030278
  0.0021187996  0.0000000009
