0.2300696000 1.3211052700
0.2299640400 1.3142436300
0.2298584900 1.3074070400
0.2297529300 1.3005954900
0.2296473700 1.2938089900
0.2295418200 1.2870475500
0.2294362600 1.2803111800
0.2293307000 1.2735998300
0.2292251400 1.2669135500
0.2291195900 1.2602523200
0.2290140300 1.2536161400
0.2289084700 1.2470050200
0.2288029200 1.2404189500
0.2286973600 1.2338579300
0.2285918000 1.2273219600
0.2284862500 1.2208110400
0.2283806900 1.2143251800
0.2282751300 1.2078643700
0.2281695800 1.2014286100
0.2280640200 1.1950179000
0.2279584600 1.1886322500
0.2278529100 1.1822716500
0.2277473500 1.1759361000
0.2276417900 1.1696256000
0.2275362300 1.1633401600
0.2274306800 1.1570797700
0.2273251200 1.1508444300
0.2272195600 1.1446341400
0.2271140100 1.1384489100
0.2270084500 1.1322887200
0.2269028900 1.1261535900
0.2267973400 1.1200435100
0.2266917800 1.1139584900
0.2265862200 1.1078985200
0.2264806700 1.1018635900
0.2263751100 1.0958537300
0.2262695500 1.0898689100
0.2261639900 1.0839091500
0.2260584400 1.0779744400
0.2259528800 1.0720647800
0.2258473200 1.0661801700
0.2257417700 1.0603206200
0.2256362100 1.0544861200
0.2255306500 1.0486766600
0.2254251000 1.0428922600
0.2253195400 1.0371329100
0.2252139800 1.0313986200
0.2251084300 1.0256893800
0.2250028700 1.0200051900
0.2248973100 1.0143460500
0.2247917500 1.0087120000
0.2246862000 1.0031026100
0.2245806400 0.9975158900
0.2244750800 0.9919514200
0.2243695300 0.9864092600
0.2242639700 0.9808893900
0.2241584100 0.9753917600
0.2240528600 0.9699164300
0.2239473000 0.9644633800
0.2238417400 0.9590326000
0.2237361900 0.9536241000
0.2236306300 0.9482378800
0.2235250700 0.9428739400
0.2234195100 0.9375322700
0.2233139600 0.9322128800
0.2232084000 0.9269157700
0.2231028400 0.9216409400
0.2229972900 0.9163883900
0.2228917300 0.9111581100
0.2227861700 0.9059501200
0.2226806200 0.9007644000
0.2225750600 0.8956009600
0.2224695000 0.8904598000
0.2223639500 0.8853409100
0.2222583900 0.8802443100
0.2221528300 0.8751699800
0.2220472700 0.8701179300
0.2219417200 0.8650881600
0.2218361600 0.8600806700
0.2217306000 0.8550954500
0.2216250500 0.8501325100
0.2215194900 0.8451918600
0.2214139300 0.8402734700
0.2213083800 0.8353773700
0.2212028200 0.8305035500
0.2210972600 0.8256520000
0.2209917100 0.8208227300
0.2208861500 0.8160157400
0.2207805900 0.8112310300
0.2206750300 0.8064686000
0.2205694800 0.8017284400
0.2204639200 0.7970105600
0.2203583600 0.7923149700
0.2202528100 0.7876416400
0.2201472500 0.7829906000
0.2200416900 0.7783618400
0.2199361400 0.7737553500
0.2198305800 0.7691711400
0.2197250200 0.7646092100
0.2196194700 0.7600695600
0.2195139100 0.7555521900
0.2194083500 0.7510570900
0.2193027900 0.7465842700
0.2191972400 0.7421337300
0.2190916800 0.7377054700
0.2189861200 0.7332994900
0.2188805700 0.7289157800
0.2187750100 0.7245543500
0.2186694500 0.7202152100
0.2185639000 0.7158983300
0.2184583400 0.7116037400
0.2183527800 0.7073314300
0.2182472300 0.7030813900
0.2181416700 0.6988536300
0.2180361100 0.6946481500
0.2179305500 0.6904649500
0.2178250000 0.6863040300
0.2177194400 0.6821653800
0.2176138800 0.6780490200
0.2175083300 0.6739549300
0.2174027700 0.6698831200
0.2172972100 0.6658335800
0.2171916600 0.6618063300
0.2170861000 0.6578013500
0.2169805400 0.6538186500
0.2168749900 0.6498582300
0.2167694300 0.6459200800
0.2166638700 0.6420042200
0.2165583100 0.6381106300
0.2164527600 0.6342393300
0.2163472000 0.6303903000
0.2162416400 0.6265635500
0.2161360900 0.6227590700
0.2160305300 0.6189768800
0.2159249700 0.6152169600
0.2158194200 0.6114793200
0.2157138600 0.6077639600
0.2156083000 0.6040708700
0.2155027500 0.6004000700
0.2153971900 0.5967515400
0.2152916300 0.5931253000
0.2151860700 0.5895213300
0.2150805200 0.5859396300
0.2149749600 0.5823802200
0.2148694000 0.5788430800
0.2147638500 0.5753282200
0.2146582900 0.5718356400
0.2145527300 0.5683653400
0.2144471800 0.5649173200
0.2143416200 0.5614915800
0.2142360600 0.5580881100
0.2141305100 0.5547069200
0.2140249500 0.5513480100
0.2139193900 0.5480113700
0.2138138400 0.5446970200
0.2137082800 0.5414049400
0.2136027200 0.5381351500
0.2134971600 0.5348876300
0.2133916100 0.5316623800
0.2132860500 0.5284594200
0.2131804900 0.5252787400
0.2130749400 0.5221203200
0.2129693800 0.5189842000
0.2128638200 0.5158703400
0.2127582700 0.5127787700
0.2126527100 0.5097094800
0.2125471500 0.5066624600
0.2124416000 0.5036377200
0.2123360400 0.5006352600
0.2122304800 0.4976550800
0.2121249200 0.4946971700
0.2120193700 0.4917615500
0.2119138100 0.4888482000
0.2118082500 0.4859571300
0.2117027000 0.4830883400
0.2115971400 0.4802418200
0.2114915800 0.4774175900
0.2113860300 0.4746156300
0.2112804700 0.4718359500
0.2111749100 0.4690785500
0.2110693600 0.4663434300
0.2109638000 0.4636305800
0.2108582400 0.4609400200
0.2107526800 0.4582717300
0.2106471300 0.4556257200
0.2105415700 0.4530019800
0.2104360100 0.4504005300
0.2103304600 0.4478213600
0.2102249000 0.4452644600
0.2101193400 0.4427298400
0.2100137900 0.4402174900
0.2099082300 0.4377274300
0.2098026700 0.4352596500
0.2096971200 0.4328141400
0.2095915600 0.4303909100
0.2094860000 0.4279899600
0.2093804400 0.4256112900
0.2092748900 0.4232549000
0.2091693300 0.4209207700
0.2090637700 0.4186089400
0.2089582200 0.4163193800
0.2088526600 0.4140521000
0.2087471000 0.4118071000
0.2086415500 0.4095843700
0.2085359900 0.4073839200
0.2084304300 0.4052057500
0.2083248800 0.4030498600
0.2082193200 0.4009162500
0.2081137600 0.3988049100
0.2080082000 0.3967158600
0.2079026500 0.3946490800
0.2077970900 0.3926045800
0.2076915300 0.3905823500
0.2075859800 0.3885824100
0.2074804200 0.3866047500
0.2073748600 0.3846493500
0.2072693100 0.3827162400
0.2071637500 0.3808054100
0.2070581900 0.3789168500
0.2069526400 0.3770505800
0.2068470800 0.3752065800
0.2067415200 0.3733848700
0.2066359600 0.3715854200
0.2065304100 0.3698082600
0.2064248500 0.3680533800
0.2063192900 0.3663207800
0.2062137400 0.3646104400
0.2061081800 0.3629224000
0.2060026200 0.3612566200
0.2058970700 0.3596131300
0.2057915100 0.3579919100
0.2056859500 0.3563929700
0.2055804000 0.3548163200
0.2054748400 0.3532619400
0.2053692800 0.3517298300
0.2052637200 0.3502200100
0.2051581700 0.3487324600
0.2050526100 0.3472671900
0.2049470500 0.3458242000
0.2048415000 0.3444034900
0.2047359400 0.3430050500
0.2046303800 0.3416289000
0.2045248300 0.3402750200
0.2044192700 0.3389434200
0.2043137100 0.3376341000
0.2042081600 0.3363470400
0.2041026000 0.3350822800
0.2039970400 0.3338397900
0.2038914800 0.3326195800
0.2037859300 0.3314216500
0.2036803700 0.3302459900
0.2035748100 0.3290926200
0.2034692600 0.3279615200
0.2033637000 0.3268527000
0.2032581400 0.3257661600
0.2031525900 0.3247019000
0.2030470300 0.3236599200
0.2029414700 0.3226341600
0.2028359200 0.3216118000
0.2027303600 0.3205924300
0.2026248000 0.3195760500
0.2025192400 0.3185626600
0.2024136900 0.3175522600
0.2023081300 0.3165448400
0.2022025700 0.3155404100
0.2020970200 0.3145389700
0.2019914600 0.3135405200
0.2018859000 0.3125450600
0.2017803500 0.3115525900
0.2016747900 0.3105631000
0.2015692300 0.3095766000
0.2014636800 0.3085930900
0.2013581200 0.3076125700
0.2012525600 0.3066350300
0.2011470000 0.3056604900
0.2010414500 0.3046889300
0.2009358900 0.3037203600
0.2008303300 0.3027547800
0.2007247800 0.3017921900
0.2006192200 0.3008325800
0.2005136600 0.2998759600
0.2004081100 0.2989223400
0.2003025500 0.2979717000
0.2001969900 0.2970240500
0.2000914400 0.2960793800
0.1999858800 0.2951377100
0.1998803200 0.2941990200
0.1997747600 0.2932633200
0.1996692100 0.2923306100
0.1995636500 0.2914008900
0.1994580900 0.2904741500
0.1993525400 0.2895504100
0.1992469800 0.2886296500
0.1991414200 0.2877118800
0.1990358700 0.2867971000
0.1989303100 0.2858853100
0.1988247500 0.2849765000
0.1987192000 0.2840706900
0.1986136400 0.2831678500
0.1985080800 0.2822680100
0.1984025300 0.2813711600
0.1982969700 0.2804772900
0.1981914100 0.2795864200
0.1980858500 0.2786985300
0.1979803000 0.2778136300
0.1978747400 0.2769317200
0.1977691800 0.2760528000
0.1976636300 0.2751768600
0.1975580700 0.2743039200
0.1974525100 0.2734339600
0.1973469600 0.2725669900
0.1972414000 0.2717030100
0.1971358400 0.2708420100
0.1970302900 0.2699840100
0.1969247300 0.2691289900
0.1968191700 0.2682769600
0.1967136100 0.2674279200
0.1966080600 0.2665818700
0.1965025000 0.2657388000
0.1963969400 0.2648987200
0.1962913900 0.2640616400
0.1961858300 0.2632275400
0.1960802700 0.2623964200
0.1959747200 0.2615683000
0.1958691600 0.2607431600
0.1957636000 0.2599210200
0.1956580500 0.2591018600
0.1955524900 0.2582856900
0.1954469300 0.2574725000
0.1953413700 0.2566623100
0.1952358200 0.2558551000
0.1951302600 0.2550508900
0.1950247000 0.2542496600
0.1949191500 0.2534514100
0.1948135900 0.2526561600
0.1947080300 0.2518638900
0.1946024800 0.2510746200
0.1944969200 0.2502883300
0.1943913600 0.2495050300
0.1942858100 0.2487247200
0.1941802500 0.2479473900
0.1940746900 0.2471730500
0.1939691300 0.2464017100
0.1938635800 0.2456333500
0.1937580200 0.2448679800
0.1936524600 0.2441055900
0.1935469100 0.2433462000
0.1934413500 0.2425897900
0.1933357900 0.2418363700
0.1932302400 0.2410859400
0.1931246800 0.2403385000
0.1930191200 0.2395940400
0.1929135700 0.2388525800
0.1928080100 0.2381141000
0.1927024500 0.2373786100
0.1925968900 0.2366461100
0.1924913400 0.2359166000
0.1923857800 0.2351900700
0.1922802200 0.2344665400
0.1921746700 0.2337459900
0.1920691100 0.2330284200
0.1919635500 0.2323138500
0.1918580000 0.2316022600
0.1917524400 0.2308936700
0.1916468800 0.2301880600
0.1915413300 0.2294854400
0.1914357700 0.2287858100
0.1913302100 0.2280891700
0.1912246500 0.2273955100
0.1911191000 0.2267048500
0.1910135400 0.2260171700
0.1909079800 0.2253324800
0.1908024300 0.2246507700
0.1906968700 0.2239720600
0.1905913100 0.2232963400
0.1904857600 0.2226236000
0.1903802000 0.2219538500
0.1902746400 0.2212870900
0.1901690900 0.2206233100
0.1900635300 0.2199625300
0.1899579700 0.2193047300
0.1898524100 0.2186499300
0.1897468600 0.2179981100
0.1896413000 0.2173492700
0.1895357400 0.2167034300
0.1894301900 0.2160605700
0.1893246300 0.2154207100
0.1892190700 0.2147838300
0.1891135200 0.2141495200
0.1890079600 0.2135169300
0.1889024000 0.2128860200
0.1887968500 0.2122568100
0.1886912900 0.2116292800
0.1885857300 0.2110034300
0.1884801700 0.2103792800
0.1883746200 0.2097568100
0.1882690600 0.2091360300
0.1881635000 0.2085169400
0.1880579500 0.2078995300
0.1879523900 0.2072838100
0.1878468300 0.2066697800
0.1877412800 0.2060574300
0.1876357200 0.2054467800
0.1875301600 0.2048378100
0.1874246100 0.2042305200
0.1873190500 0.2036249300
0.1872134900 0.2030210200
0.1871079300 0.2024188000
0.1870023800 0.2018182600
0.1868968200 0.2012194200
0.1867912600 0.2006222600
0.1866857100 0.2000267900
0.1865801500 0.1994330000
0.1864745900 0.1988409000
0.1863690400 0.1982504900
0.1862634800 0.1976617700
0.1861579200 0.1970747500
0.1860523700 0.1964893900
0.1859468100 0.1959057300
0.1858412500 0.1953237500
0.1857356900 0.1947434700
0.1856301400 0.1941648700
0.1855245800 0.1935879500
0.1854190200 0.1930127300
0.1853134700 0.1924391900
0.1852079100 0.1918673400
0.1851023500 0.1912971800
0.1849968000 0.1907287000
0.1848912400 0.1901619200
0.1847856800 0.1895968200
0.1846801300 0.1890334000
0.1845745700 0.1884716800
0.1844690100 0.1879116400
0.1843634600 0.1873532900
0.1842579000 0.1867966200
0.1841523400 0.1862416400
0.1840467800 0.1856883500
0.1839412300 0.1851367500
0.1838356700 0.1845868300
0.1837301100 0.1840386100
0.1836245600 0.1834920700
0.1835190000 0.1829472100
0.1834134400 0.1824040500
0.1833078900 0.1818625700
0.1832023300 0.1813227800
0.1830967700 0.1807846700
0.1829912200 0.1802482600
0.1828856600 0.1797135300
0.1827801000 0.1791804900
0.1826745400 0.1786491300
0.1825689900 0.1781194600
0.1824634300 0.1775914800
0.1823578700 0.1770651900
0.1822523200 0.1765405800
0.1821467600 0.1760176600
0.1820412000 0.1754964300
0.1819356500 0.1749768900
0.1818300900 0.1744590300
0.1817245300 0.1739428600
0.1816189800 0.1734283800
0.1815134200 0.1729155800
0.1814078600 0.1724044800
0.1813023000 0.1718950600
0.1811967500 0.1713873200
0.1810911900 0.1708812700
0.1809856300 0.1703769100
0.1808800800 0.1698742400
0.1807745200 0.1693732600
0.1806689600 0.1688739600
0.1805634100 0.1683763500
0.1804578500 0.1678804300
0.1803522900 0.1673861900
0.1802467400 0.1668936500
0.1801411800 0.1664027800
0.1800356200 0.1659136100
0.1799300600 0.1654261300
0.1798245100 0.1649403300
0.1797189500 0.1644562100
0.1796133900 0.1639737900
0.1795078400 0.1634930500
0.1794022800 0.1630140000
0.1792967200 0.1625366400
0.1791911700 0.1620609700
0.1790856100 0.1615869800
0.1789800500 0.1611146800
0.1788745000 0.1606440600
0.1787689400 0.1601751400
0.1786633800 0.1597079000
0.1785578200 0.1592423500
0.1784522700 0.1587784800
0.1783467100 0.1583163100
0.1782411500 0.1578555400
0.1781356000 0.1573960100
0.1780300400 0.1569377000
0.1779244800 0.1564806200
0.1778189300 0.1560247800
0.1777133700 0.1555701600
0.1776078100 0.1551167600
0.1775022600 0.1546646000
0.1773967000 0.1542136700
0.1772911400 0.1537639600
0.1771855800 0.1533154800
0.1770800300 0.1528682300
0.1769744700 0.1524222100
0.1768689100 0.1519774200
0.1767633600 0.1515338600
0.1766578000 0.1510915300
0.1765522400 0.1506504200
0.1764466900 0.1502105400
0.1763411300 0.1497718900
0.1762355700 0.1493344700
0.1761300200 0.1488982800
0.1760244600 0.1484632800
0.1759189000 0.1480292300
0.1758133400 0.1475960300
0.1757077900 0.1471637100
0.1756022300 0.1467322600
0.1754966700 0.1463016800
0.1753911200 0.1458719600
0.1752855600 0.1454431200
0.1751800000 0.1450151400
0.1750744500 0.1445880300
0.1749688900 0.1441617900
0.1748633300 0.1437364200
0.1747577800 0.1433119200
0.1746522200 0.1428882900
0.1745466600 0.1424655300
0.1744411000 0.1420436300
0.1743355500 0.1416226100
0.1742299900 0.1412024500
0.1741244300 0.1407831600
0.1740188800 0.1403647500
0.1739133200 0.1399472000
0.1738077600 0.1395305100
0.1737022100 0.1391146900
0.1735966500 0.1386997300
0.1734910900 0.1382856300
0.1733855400 0.1378723700
0.1732799800 0.1374599800
0.1731744200 0.1370484300
0.1730688600 0.1366377500
0.1729633100 0.1362279100
0.1728577500 0.1358189300
0.1727521900 0.1354108100
0.1726466400 0.1350035400
0.1725410800 0.1345970700
0.1724355200 0.1341913900
0.1723299700 0.1337865000
0.1722244100 0.1333823900
0.1721188500 0.1329790700
0.1720133000 0.1325765400
0.1719077400 0.1321747900
0.1718021800 0.1317738200
0.1716966200 0.1313736500
0.1715910700 0.1309742700
0.1714855100 0.1305756600
0.1713799500 0.1301778400
0.1712744000 0.1297808100
0.1711688400 0.1293845600
0.1710632800 0.1289891100
0.1709577300 0.1285944300
0.1708521700 0.1282005500
0.1707466100 0.1278074500
0.1706410600 0.1274151400
0.1705355000 0.1270236100
0.1704299400 0.1266328700
0.1703243800 0.1262429200
0.1702188300 0.1258537500
0.1701132700 0.1254653700
0.1700077100 0.1250777700
0.1699021600 0.1246909600
0.1697966000 0.1243049400
0.1696910400 0.1239197100
0.1695854900 0.1235352600
0.1694799300 0.1231515900
0.1693743700 0.1227687200
0.1692688200 0.1223866300
0.1691632600 0.1220053200
0.1690577000 0.1216248000
0.1689521500 0.1212450700
0.1688465900 0.1208661300
0.1687410300 0.1204879700
0.1686354700 0.1201106000
0.1685299200 0.1197340100
0.1684243600 0.1193582100
0.1683188000 0.1189832000
0.1682132500 0.1186089700
0.1681076900 0.1182355200
0.1680021300 0.1178628700
0.1678965800 0.1174910000
0.1677910200 0.1171199200
0.1676854600 0.1167496200
0.1675799100 0.1163801100
0.1674743500 0.1160113900
0.1673687900 0.1156434500
0.1672632300 0.1152763000
0.1671576800 0.1149099400
0.1670521200 0.1145443600
0.1669465600 0.1141795700
0.1668410100 0.1138155600
0.1667354500 0.1134523400
0.1666298900 0.1130899100
0.1665243400 0.1127282700
0.1664187800 0.1123674000
0.1663132200 0.1120073300
0.1662076700 0.1116480400
0.1661021100 0.1112895400
0.1659965500 0.1109318300
0.1658909900 0.1105749000
0.1657854400 0.1102187500
0.1656798800 0.1098634000
0.1655743200 0.1095088300
0.1654687700 0.1091550400
0.1653632100 0.1088020500
0.1652576500 0.1084498400
0.1651521000 0.1080984100
0.1650465400 0.1077477700
0.1649409800 0.1073979200
0.1648354300 0.1070488600
0.1647298700 0.1067005800
0.1646243100 0.1063530800
0.1645187500 0.1060063800
0.1644132000 0.1056604600
0.1643076400 0.1053153200
0.1642020800 0.1049709800
0.1640965300 0.1046274200
0.1639909700 0.1042846400
0.1638854100 0.1039426500
0.1637798600 0.1036014500
0.1636743000 0.1032610300
0.1635687400 0.1029214000
0.1634631900 0.1025825600
0.1633576300 0.1022445000
0.1632520700 0.1019072300
0.1631465100 0.1015707500
0.1630409600 0.1012350500
0.1629354000 0.1009001400
0.1628298400 0.1005660100
0.1627242900 0.1002326700
0.1626187300 0.0999001200
0.1625131700 0.0995683500
0.1624076200 0.0992373700
0.1623020600 0.0989071800
0.1621965000 0.0985777700
0.1620909500 0.0982491500
0.1619853900 0.0979213200
0.1618798300 0.0975942600
0.1617742700 0.0972679500
0.1616687200 0.0969423900
0.1615631600 0.0966175800
0.1614576000 0.0962935100
0.1613520500 0.0959701900
0.1612464900 0.0956476100
0.1611409300 0.0953257800
0.1610353800 0.0950047000
0.1609298200 0.0946843600
0.1608242600 0.0943647600
0.1607187100 0.0940459100
0.1606131500 0.0937278100
0.1605075900 0.0934104500
0.1604020300 0.0930938400
0.1602964800 0.0927779700
0.1601909200 0.0924628500
0.1600853600 0.0921484700
0.1599798100 0.0918348400
0.1598742500 0.0915219600
0.1597686900 0.0912098200
0.1596631400 0.0908984300
0.1595575800 0.0905877800
0.1594520200 0.0902778800
0.1593464700 0.0899687200
0.1592409100 0.0896603100
0.1591353500 0.0893526500
0.1590297900 0.0890457300
0.1589242400 0.0887395500
0.1588186800 0.0884341200
0.1587131200 0.0881294400
0.1586075700 0.0878255000
0.1585020100 0.0875223100
0.1583964500 0.0872198700
0.1582909000 0.0869181600
0.1581853400 0.0866172100
0.1580797800 0.0863170000
0.1579742300 0.0860175400
0.1578686700 0.0857188200
0.1577631100 0.0854208500
0.1576575500 0.0851236200
0.1575520000 0.0848271400
0.1574464400 0.0845314100
0.1573408800 0.0842364200
0.1572353300 0.0839421700
0.1571297700 0.0836486700
0.1570242100 0.0833559100
0.1569186600 0.0830639100
0.1568131000 0.0827726400
0.1567075400 0.0824821300
0.1566019900 0.0821923600
0.1564964300 0.0819033300
0.1563908700 0.0816150500
0.1562853100 0.0813275200
0.1561797600 0.0810407300
0.1560742000 0.0807546800
0.1559686400 0.0804693900
0.1558630900 0.0801848400
0.1557575300 0.0799010300
0.1556519700 0.0796179700
0.1555464200 0.0793356600
0.1554408600 0.0790540900
0.1553353000 0.0787732600
0.1552297500 0.0784931800
0.1551241900 0.0782138500
0.1550186300 0.0779352700
0.1549130800 0.0776574200
0.1548075200 0.0773803300
0.1547019600 0.0771039800
0.1545964000 0.0768283700
0.1544908500 0.0765535100
0.1543852900 0.0762794000
0.1542797300 0.0760060300
0.1541741800 0.0757334100
0.1540686200 0.0754615300
0.1539630600 0.0751904000
0.1538575100 0.0749200100
0.1537519500 0.0746503600
0.1536463900 0.0743814500
0.1535408400 0.0741132900
0.1534352800 0.0738458700
0.1533297200 0.0735791800
0.1532241600 0.0733132400
0.1531186100 0.0730480400
0.1530130500 0.0727835800
0.1529074900 0.0725198600
0.1528019400 0.0722568800
0.1526963800 0.0719946400
0.1525908200 0.0717331500
0.1524852700 0.0714723900
0.1523797100 0.0712123800
0.1522741500 0.0709531000
0.1521686000 0.0706945700
0.1520630400 0.0704367800
0.1519574800 0.0701797300
0.1518519200 0.0699234200
0.1517463700 0.0696678500
0.1516408100 0.0694130300
0.1515352500 0.0691589400
0.1514297000 0.0689055900
0.1513241400 0.0686529900
0.1512185800 0.0684011200
0.1511130300 0.0681500000
0.1510074700 0.0678996200
0.1509019100 0.0676499800
0.1507963600 0.0674010800
0.1506908000 0.0671529200
0.1505852400 0.0669055000
0.1504796800 0.0666588300
0.1503741300 0.0664128900
0.1502685700 0.0661677000
0.1501630100 0.0659232400
0.1500574600 0.0656795300
0.1499519000 0.0654365600
0.1498463400 0.0651943300
0.1497407900 0.0649528400
0.1496352300 0.0647120900
0.1495296700 0.0644720800
0.1494241200 0.0642328100
0.1493185600 0.0639942900
0.1492130000 0.0637565000
0.1491074400 0.0635194600
0.1490018900 0.0632831500
0.1488963300 0.0630475900
0.1487907700 0.0628127700
0.1486852200 0.0625786900
0.1485796600 0.0623453500
0.1484741000 0.0621127500
0.1483685500 0.0618809000
0.1482629900 0.0616497800
0.1481574300 0.0614194100
0.1480518800 0.0611897700
0.1479463200 0.0609608800
0.1478407600 0.0607327200
0.1477352000 0.0605053100
0.1476296500 0.0602786400
0.1475240900 0.0600527100
0.1474185300 0.0598275200
0.1473129800 0.0596030800
0.1472074200 0.0593793700
0.1471018600 0.0591564100
0.1469963100 0.0589341800
0.1468907500 0.0587127000
0.1467851900 0.0584919500
0.1466796400 0.0582719500
0.1465740800 0.0580526900
0.1464685200 0.0578341800
0.1463629600 0.0576163600
0.1462574100 0.0573991700
0.1461518500 0.0571825900
0.1460462900 0.0569665700
0.1459407400 0.0567511000
0.1458351800 0.0565361800
0.1457296200 0.0563218200
0.1456240700 0.0561080200
0.1455185100 0.0558947700
0.1454129500 0.0556820800
0.1453074000 0.0554699500
0.1452018400 0.0552583700
0.1450962800 0.0550473400
0.1449907200 0.0548368800
0.1448851700 0.0546269600
0.1447796100 0.0544176000
0.1446740500 0.0542088000
0.1445685000 0.0540005600
0.1444629400 0.0537928700
0.1443573800 0.0535857300
0.1442518300 0.0533791500
0.1441462700 0.0531731300
0.1440407100 0.0529676600
0.1439351600 0.0527627500
0.1438296000 0.0525583900
0.1437240400 0.0523545900
0.1436184800 0.0521513500
0.1435129300 0.0519486600
0.1434073700 0.0517465200
0.1433018100 0.0515449400
0.1431962600 0.0513439200
0.1430907000 0.0511434500
0.1429851400 0.0509435400
0.1428795900 0.0507441900
0.1427740300 0.0505453900
0.1426684700 0.0503471400
0.1425629200 0.0501494600
0.1424573600 0.0499523200
0.1423518000 0.0497557400
0.1422462400 0.0495597200
0.1421406900 0.0493642600
0.1420351300 0.0491693500
0.1419295700 0.0489749900
0.1418240200 0.0487811900
0.1417184600 0.0485879500
0.1416129000 0.0483952600
0.1415073500 0.0482031300
0.1414017900 0.0480115500
0.1412962300 0.0478205300
0.1411906800 0.0476300700
0.1410851200 0.0474401600
0.1409795600 0.0472508000
0.1408740000 0.0470620000
0.1407684500 0.0468737600
0.1406628900 0.0466860700
0.1405573300 0.0464989400
0.1404517800 0.0463123700
0.1403462200 0.0461263500
0.1402406600 0.0459408800
0.1401351100 0.0457559700
0.1400295500 0.0455716200
0.1399239900 0.0453878200
0.1398184400 0.0452045800
0.1397128800 0.0450218900
0.1396073200 0.0448397600
0.1395017700 0.0446581900
0.1393962100 0.0444771700
0.1392906500 0.0442967100
0.1391850900 0.0441168000
0.1390795400 0.0439374400
0.1389739800 0.0437586500
0.1388684200 0.0435804100
0.1387628700 0.0434027200
0.1386573100 0.0432255900
0.1385517500 0.0430490200
0.1384462000 0.0428730000
0.1383406400 0.0426975400
0.1382350800 0.0425226300
0.1381295300 0.0423482800
0.1380239700 0.0421744800
0.1379184100 0.0420012400
0.1378128500 0.0418285600
0.1377073000 0.0416564300
0.1376017400 0.0414848500
0.1374961800 0.0413138400
0.1373906300 0.0411433700
0.1372850700 0.0409734700
0.1371795100 0.0408041200
0.1370739600 0.0406353200
0.1369684000 0.0404670800
0.1368628400 0.0402994000
0.1367572900 0.0401322700
0.1366517300 0.0399657000
0.1365461700 0.0397996800
0.1364406100 0.0396342200
0.1363350600 0.0394693100
0.1362295000 0.0393049600
0.1361239400 0.0391411700
0.1360183900 0.0389779300
0.1359128300 0.0388152500
0.1358072700 0.0386531200
0.1357017200 0.0384915500
0.1355961600 0.0383305300
0.1354906000 0.0381700700
0.1353850500 0.0380101700
0.1352794900 0.0378508200
0.1351739300 0.0376920200
0.1350683700 0.0375337900
0.1349628200 0.0373761000
0.1348572600 0.0372189800
0.1347517000 0.0370624100
0.1346461500 0.0369063900
0.1345405900 0.0367509300
0.1344350300 0.0365960300
0.1343294800 0.0364416800
0.1342239200 0.0362878900
0.1341183600 0.0361346500
0.1340128100 0.0359819700
0.1339072500 0.0358298400
0.1338016900 0.0356782700
0.1336961300 0.0355272600
0.1335905800 0.0353768000
0.1334850200 0.0352269000
0.1333794600 0.0350775500
0.1332739100 0.0349287600
0.1331683500 0.0347805200
0.1330627900 0.0346328400
0.1329572400 0.0344857200
0.1328516800 0.0343391500
0.1327461200 0.0341931400
0.1326405700 0.0340476800
0.1325350100 0.0339027800
0.1324294500 0.0337584400
0.1323238900 0.0336146500
0.1322183400 0.0334714200
0.1321127800 0.0333287400
0.1320072200 0.0331866300
0.1319016700 0.0330450400
0.1317961100 0.0329039400
0.1316905500 0.0327633400
0.1315850000 0.0326232300
0.1314794400 0.0324836200
0.1313738800 0.0323445000
0.1312683300 0.0322058700
0.1311627700 0.0320677400
0.1310572100 0.0319301000
0.1309516500 0.0317929500
0.1308461000 0.0316562900
0.1307405400 0.0315201000
0.1306349800 0.0313843900
0.1305294300 0.0312491700
0.1304238700 0.0311144200
0.1303183100 0.0309801500
0.1302127600 0.0308463300
0.1301072000 0.0307129400
0.1300016400 0.0305799700
0.1298960900 0.0304474400
0.1297905300 0.0303153400
0.1296849700 0.0301836700
0.1295794100 0.0300524300
0.1294738600 0.0299216200
0.1293683000 0.0297912300
0.1292627400 0.0296612800
0.1291571900 0.0295317600
0.1290516300 0.0294026700
0.1289460700 0.0292740100
0.1288405200 0.0291457700
0.1287349600 0.0290179700
0.1286294000 0.0288905700
0.1285238500 0.0287635700
0.1284182900 0.0286369700
0.1283127300 0.0285107700
0.1282071700 0.0283849700
0.1281016200 0.0282595700
0.1279960600 0.0281345700
0.1278905000 0.0280099700
0.1277849500 0.0278857800
0.1276793900 0.0277619800
0.1275738300 0.0276385800
0.1274682800 0.0275155800
0.1273627200 0.0273929900
0.1272571600 0.0272707900
0.1271516100 0.0271489900
0.1270460500 0.0270276000
0.1269404900 0.0269066000
0.1268349300 0.0267860000
0.1267293800 0.0266657900
0.1266238200 0.0265459700
0.1265182600 0.0264265300
0.1264127100 0.0263074800
0.1263071500 0.0261888100
0.1262015900 0.0260705200
0.1260960400 0.0259526200
0.1259904800 0.0258351100
0.1258849200 0.0257179700
0.1257793700 0.0256012300
0.1256738100 0.0254848700
0.1255682500 0.0253688900
0.1254627000 0.0252533000
0.1253571400 0.0251380900
0.1252515800 0.0250232700
0.1251460200 0.0249088300
0.1250404700 0.0247947700
0.1249349100 0.0246811000
0.1248293500 0.0245678200
0.1247238000 0.0244549200
0.1246182400 0.0243424000
0.1245126800 0.0242302700
0.1244071300 0.0241185300
0.1243015700 0.0240071700
0.1241960100 0.0238961900
0.1240904600 0.0237856000
0.1239849000 0.0236753900
0.1238793400 0.0235655800
0.1237737800 0.0234561300
0.1236682300 0.0233470800
0.1235626700 0.0232384100
0.1234571100 0.0231301300
0.1233515600 0.0230222300
0.1232460000 0.0229147200
0.1231404400 0.0228075900
0.1230348900 0.0227008500
0.1229293300 0.0225944800
0.1228237700 0.0224885100
0.1227182200 0.0223829200
0.1226126600 0.0222776900
0.1225071000 0.0221728200
0.1224015400 0.0220682800
0.1222959900 0.0219641000
0.1221904300 0.0218602600
0.1220848700 0.0217567700
0.1219793200 0.0216536200
0.1218737600 0.0215508200
0.1217682000 0.0214483600
0.1216626500 0.0213462600
0.1215570900 0.0212444900
0.1214515300 0.0211430800
0.1213459800 0.0210420100
0.1212404200 0.0209412900
0.1211348600 0.0208409100
0.1210293000 0.0207408800
0.1209237500 0.0206412000
0.1208181900 0.0205418600
0.1207126300 0.0204428700
0.1206070800 0.0203442200
0.1205015200 0.0202459200
0.1203959600 0.0201479700
0.1202904100 0.0200503600
0.1201848500 0.0199531000
0.1200792900 0.0198561800
0.1199737400 0.0197596200
0.1198681800 0.0196634000
0.1197626200 0.0195675200
0.1196570600 0.0194719900
0.1195515100 0.0193768100
0.1194459500 0.0192819700
0.1193403900 0.0191874800
0.1192348400 0.0190933300
0.1191292800 0.0189995400
0.1190237200 0.0189060800
0.1189181700 0.0188129800
0.1188126100 0.0187202200
0.1187070500 0.0186278100
0.1186015000 0.0185357400
0.1184959400 0.0184440200
0.1183903800 0.0183526400
0.1182848200 0.0182616100
0.1181792700 0.0181709300
0.1180737100 0.0180806000
0.1179681500 0.0179906100
0.1178626000 0.0179009700
0.1177570400 0.0178116700
0.1176514800 0.0177227200
0.1175459300 0.0176341100
0.1174403700 0.0175458600
0.1173348100 0.0174579400
0.1172292600 0.0173703800
0.1171237000 0.0172831500
0.1170181400 0.0171962900
0.1169125800 0.0171097600
0.1168070300 0.0170235800
0.1167014700 0.0169377400
0.1165959100 0.0168522500
0.1164903600 0.0167671100
0.1163848000 0.0166823100
0.1162792400 0.0165978700
0.1161736900 0.0165137600
0.1160681300 0.0164300100
0.1159625700 0.0163466000
0.1158570200 0.0162635300
0.1157514600 0.0161808100
0.1156459000 0.0160984000
0.1155403400 0.0160163100
0.1154347900 0.0159345200
0.1153292300 0.0158530500
0.1152236700 0.0157718900
0.1151181200 0.0156910400
0.1150125600 0.0156105000
0.1149070000 0.0155302800
0.1148014500 0.0154503600
0.1146958900 0.0153707600
0.1145903300 0.0152914600
0.1144847800 0.0152124800
0.1143792200 0.0151338100
0.1142736600 0.0150554600
0.1141681000 0.0149774100
0.1140625500 0.0148996800
0.1139569900 0.0148222500
0.1138514300 0.0147451400
0.1137458800 0.0146683400
0.1136403200 0.0145918500
0.1135347600 0.0145156700
0.1134292100 0.0144398000
0.1133236500 0.0143642500
0.1132180900 0.0142890000
0.1131125400 0.0142140700
0.1130069800 0.0141394500
0.1129014200 0.0140651400
0.1127958600 0.0139911400
0.1126903100 0.0139174600
0.1125847500 0.0138440800
0.1124791900 0.0137710100
0.1123736400 0.0136982600
0.1122680800 0.0136258200
0.1121625200 0.0135536900
0.1120569700 0.0134818700
0.1119514100 0.0134103600
0.1118458500 0.0133391700
0.1117403000 0.0132682800
0.1116347400 0.0131977100
0.1115291800 0.0131274500
0.1114236200 0.0130575000
0.1113180700 0.0129878600
0.1112125100 0.0129185300
0.1111069500 0.0128495200
0.1110014000 0.0127808100
0.1108958400 0.0127124100
0.1107902800 0.0126443400
0.1106847300 0.0125765600
0.1105791700 0.0125091000
0.1104736100 0.0124419500
0.1103680600 0.0123751200
0.1102625000 0.0123085900
0.1101569400 0.0122423800
0.1100513900 0.0121764700
0.1099458300 0.0121108800
0.1098402700 0.0120456000
0.1097347100 0.0119806300
0.1096291600 0.0119159800
0.1095236000 0.0118516300
0.1094180400 0.0117876000
0.1093124900 0.0117238700
0.1092069300 0.0116604600
0.1091013700 0.0115973600
0.1089958200 0.0115345700
0.1088902600 0.0114721000
0.1087847000 0.0114099300
0.1086791500 0.0113480800
0.1085735900 0.0112865400
0.1084680300 0.0112253000
0.1083624700 0.0111643800
0.1082569200 0.0111037700
0.1081513600 0.0110434700
0.1080458000 0.0109834900
0.1079402500 0.0109238100
0.1078346900 0.0108644500
0.1077291300 0.0108054000
0.1076235800 0.0107466600
0.1075180200 0.0106882300
0.1074124600 0.0106301100
0.1073069100 0.0105723000
0.1072013500 0.0105148100
0.1070957900 0.0104576200
0.1069902300 0.0104007500
0.1068846800 0.0103441700
0.1067791200 0.0102878600
0.1066735600 0.0102317900
0.1065680100 0.0101759800
0.1064624500 0.0101204100
0.1063568900 0.0100651100
0.1062513400 0.0100100600
0.1061457800 0.0099552600
0.1060402200 0.0099007100
0.1059346700 0.0098464200
0.1058291100 0.0097923800
0.1057235500 0.0097385900
0.1056179900 0.0096850600
0.1055124400 0.0096317800
0.1054068800 0.0095787600
0.1053013200 0.0095259800
0.1051957700 0.0094734700
0.1050902100 0.0094212000
0.1049846500 0.0093691800
0.1048791000 0.0093173800
0.1047735400 0.0092658300
0.1046679800 0.0092145100
0.1045624300 0.0091634300
0.1044568700 0.0091125900
0.1043513100 0.0090619800
0.1042457500 0.0090116100
0.1041402000 0.0089614800
0.1040346400 0.0089115800
0.1039290800 0.0088619200
0.1038235300 0.0088124900
0.1037179700 0.0087633000
0.1036124100 0.0087143500
0.1035068600 0.0086656300
0.1034013000 0.0086171500
0.1032957400 0.0085689100
0.1031901900 0.0085209100
0.1030846300 0.0084731300
0.1029790700 0.0084256000
0.1028735100 0.0083783000
0.1027679600 0.0083312300
0.1026624000 0.0082843900
0.1025568400 0.0082377700
0.1024512900 0.0081913800
0.1023457300 0.0081452200
0.1022401700 0.0080992800
0.1021346200 0.0080535700
0.1020290600 0.0080080800
0.1019235000 0.0079628200
0.1018179500 0.0079177900
0.1017123900 0.0078729900
0.1016068300 0.0078284000
0.1015012700 0.0077840500
0.1013957200 0.0077399200
0.1012901600 0.0076960200
0.1011846000 0.0076523500
0.1010790500 0.0076089000
0.1009734900 0.0075656700
0.1008679300 0.0075226800
0.1007623800 0.0074799100
0.1006568200 0.0074373600
0.1005512600 0.0073950500
0.1004457100 0.0073529500
0.1003401500 0.0073110900
0.1002345900 0.0072694500
0.1001290300 0.0072280400
0.1000234800 0.0071868500
0.0999179200 0.0071458900
0.0998123600 0.0071051500
0.0997068100 0.0070646400
0.0996012500 0.0070243600
0.0994956900 0.0069843000
0.0993901400 0.0069444700
0.0992845800 0.0069048700
0.0991790200 0.0068654800
0.0990734700 0.0068263300
0.0989679100 0.0067873900
0.0988623500 0.0067486700
0.0987567900 0.0067101700
0.0986512400 0.0066718900
0.0985456800 0.0066338200
0.0984401200 0.0065959900
0.0983345700 0.0065583700
0.0982290100 0.0065209700
0.0981234500 0.0064837900
0.0980179000 0.0064468300
0.0979123400 0.0064100800
0.0978067800 0.0063735300
0.0977012300 0.0063372000
0.0975956700 0.0063010700
0.0974901100 0.0062651500
0.0973845600 0.0062294300
0.0972790000 0.0061939200
0.0971734400 0.0061586200
0.0970678800 0.0061235300
0.0969623300 0.0060886300
0.0968567700 0.0060539500
0.0967512100 0.0060194700
0.0966456600 0.0059852000
0.0965401000 0.0059511300
0.0964345400 0.0059172300
0.0963289900 0.0058835000
0.0962234300 0.0058499400
0.0961178700 0.0058165500
0.0960123200 0.0057833200
0.0959067600 0.0057502600
0.0958012000 0.0057173700
0.0956956400 0.0056846500
0.0955900900 0.0056520900
0.0954845300 0.0056197000
0.0953789700 0.0055874700
0.0952734200 0.0055554200
0.0951678600 0.0055235300
0.0950623000 0.0054918100
0.0949567500 0.0054602600
0.0948511900 0.0054288800
0.0947456300 0.0053976600
0.0946400800 0.0053666200
0.0945345200 0.0053357300
0.0944289600 0.0053050200
0.0943234000 0.0052744700
0.0942178500 0.0052440900
0.0941122900 0.0052138700
0.0940067300 0.0051838200
0.0939011800 0.0051539300
0.0937956200 0.0051242100
0.0936900600 0.0050946500
0.0935845100 0.0050652500
0.0934789500 0.0050360300
0.0933733900 0.0050069600
0.0932678400 0.0049780600
0.0931622800 0.0049493300
0.0930567200 0.0049207600
0.0929511600 0.0048923400
0.0928456100 0.0048640900
0.0927400500 0.0048360000
0.0926344900 0.0048080600
0.0925289400 0.0047802900
0.0924233800 0.0047526800
0.0923178200 0.0047252200
0.0922122700 0.0046979300
0.0921067100 0.0046708000
0.0920011500 0.0046438200
0.0918956000 0.0046170100
0.0917900400 0.0045903600
0.0916844800 0.0045638700
0.0915789200 0.0045375400
0.0914733700 0.0045113600
0.0913678100 0.0044853500
0.0912622500 0.0044595000
0.0911567000 0.0044338100
0.0910511400 0.0044082700
0.0909455800 0.0043829000
0.0908400300 0.0043576900
0.0907344700 0.0043326400
0.0906289100 0.0043077500
0.0905233600 0.0042830100
0.0904178000 0.0042584400
0.0903122400 0.0042340300
0.0902066800 0.0042097800
0.0901011300 0.0041856900
0.0899955700 0.0041617700
0.0898900100 0.0041380000
0.0897844600 0.0041144100
0.0896789000 0.0040909800
0.0895733400 0.0040677200
0.0894677900 0.0040446200
0.0893622300 0.0040216500
0.0892566700 0.0039988300
0.0891511200 0.0039761500
0.0890455600 0.0039536100
0.0889400000 0.0039312100
0.0888344400 0.0039089500
0.0887288900 0.0038868300
0.0886233300 0.0038648500
0.0885177700 0.0038430100
0.0884122200 0.0038213000
0.0883066600 0.0037997300
0.0882011000 0.0037783000
0.0880955500 0.0037569700
0.0879899900 0.0037357400
0.0878844300 0.0037146200
0.0877788800 0.0036936100
0.0876733200 0.0036727000
0.0875677600 0.0036519000
0.0874622000 0.0036312000
0.0873566500 0.0036106100
0.0872510900 0.0035901300
0.0871455300 0.0035697500
0.0870399800 0.0035494700
0.0869344200 0.0035293100
0.0868288600 0.0035092400
0.0867233100 0.0034892800
0.0866177500 0.0034694200
0.0865121900 0.0034496800
0.0864066400 0.0034300300
0.0863010800 0.0034105000
0.0861955200 0.0033910700
0.0860899600 0.0033717400
0.0859844100 0.0033525200
0.0858788500 0.0033334000
0.0857732900 0.0033143900
0.0856677400 0.0032954800
0.0855621800 0.0032766800
0.0854566200 0.0032579700
0.0853510700 0.0032393700
0.0852455100 0.0032208600
0.0851399500 0.0032024500
0.0850344000 0.0031841300
0.0849288400 0.0031659200
0.0848232800 0.0031478000
0.0847177200 0.0031297900
0.0846121700 0.0031118700
0.0845066100 0.0030940500
0.0844010500 0.0030763200
0.0842955000 0.0030587000
0.0841899400 0.0030411700
0.0840843800 0.0030237500
0.0839788300 0.0030064100
0.0838732700 0.0029891700
0.0837677100 0.0029720300
0.0836621600 0.0029549700
0.0835566000 0.0029380100
0.0834510400 0.0029211500
0.0833454800 0.0029043700
0.0832399300 0.0028876900
0.0831343700 0.0028711000
0.0830288100 0.0028546200
0.0829232600 0.0028382100
0.0828177000 0.0028219000
0.0827121400 0.0028056800
0.0826065900 0.0027895600
0.0825010300 0.0027735300
0.0823954700 0.0027576000
0.0822899200 0.0027417500
0.0821843600 0.0027260100
0.0820788000 0.0027103500
0.0819732500 0.0026947700
0.0818676900 0.0026792900
0.0817621300 0.0026638900
0.0816565700 0.0026485800
0.0815510200 0.0026333800
0.0814454600 0.0026182800
0.0813399000 0.0026032900
0.0812343500 0.0025884000
0.0811287900 0.0025736100
0.0810232300 0.0025589100
0.0809176800 0.0025442900
0.0808121200 0.0025297500
0.0807065600 0.0025152700
0.0806010100 0.0025008800
0.0804954500 0.0024865500
0.0803898900 0.0024723000
0.0802843300 0.0024581300
0.0801787800 0.0024440200
0.0800732200 0.0024299900
0.0799676600 0.0024160300
0.0798621100 0.0024021500
0.0797565500 0.0023883300
0.0796509900 0.0023745900
0.0795454400 0.0023609200
0.0794398800 0.0023473200
0.0793343200 0.0023338000
0.0792287700 0.0023203500
0.0791232100 0.0023069700
0.0790176500 0.0022936600
0.0789120900 0.0022804300
0.0788065400 0.0022672800
0.0787009800 0.0022542000
0.0785954200 0.0022412100
0.0784898700 0.0022283000
0.0783843100 0.0022154700
0.0782787500 0.0022027100
0.0781732000 0.0021900400
0.0780676400 0.0021774500
0.0779620800 0.0021649300
0.0778565300 0.0021525000
0.0777509700 0.0021401500
0.0776454100 0.0021278700
0.0775398500 0.0021156700
0.0774343000 0.0021035500
0.0773287400 0.0020915100
0.0772231800 0.0020795400
0.0771176300 0.0020676300
0.0770120700 0.0020557900
0.0769065100 0.0020440200
0.0768009600 0.0020323200
0.0766954000 0.0020206900
0.0765898400 0.0020091200
0.0764842900 0.0019976200
0.0763787300 0.0019861800
0.0762731700 0.0019748100
0.0761676100 0.0019635000
0.0760620600 0.0019522600
0.0759565000 0.0019410700
0.0758509400 0.0019299500
0.0757453900 0.0019189000
0.0756398300 0.0019079100
0.0755342700 0.0018969800
0.0754287200 0.0018861200
0.0753231600 0.0018753200
0.0752176000 0.0018645800
0.0751120500 0.0018539100
0.0750064900 0.0018433000
0.0749009300 0.0018327500
0.0747953700 0.0018222700
0.0746898200 0.0018118600
0.0745842600 0.0018015000
0.0744787000 0.0017912100
0.0743731500 0.0017809800
0.0742675900 0.0017708200
0.0741620300 0.0017607100
0.0740564800 0.0017506800
0.0739509200 0.0017407000
0.0738453600 0.0017307900
0.0737398100 0.0017209500
0.0736342500 0.0017111700
0.0735286900 0.0017014500
0.0734231300 0.0016918000
0.0733175800 0.0016822100
0.0732120200 0.0016726800
0.0731064600 0.0016632200
0.0730009100 0.0016538200
0.0728953500 0.0016444900
0.0727897900 0.0016352100
0.0726842400 0.0016260100
0.0725786800 0.0016168600
0.0724731200 0.0016077800
0.0723675700 0.0015987600
0.0722620100 0.0015897900
0.0721564500 0.0015808700
0.0720508900 0.0015719900
0.0719453400 0.0015631700
0.0718397800 0.0015544000
0.0717342200 0.0015456800
0.0716286700 0.0015370100
0.0715231100 0.0015283900
0.0714175500 0.0015198100
0.0713120000 0.0015112900
0.0712064400 0.0015028200
0.0711008800 0.0014944000
0.0709953300 0.0014860200
0.0708897700 0.0014776900
0.0707842100 0.0014694100
0.0706786500 0.0014611800
0.0705731000 0.0014530000
0.0704675400 0.0014448600
0.0703619800 0.0014367700
0.0702564300 0.0014287300
0.0701508700 0.0014207400
0.0700453100 0.0014127900
0.0699397600 0.0014048900
0.0698342000 0.0013970200
0.0697286400 0.0013891900
0.0696230900 0.0013813900
0.0695175300 0.0013736200
0.0694119700 0.0013658900
0.0693064100 0.0013581900
0.0692008600 0.0013505200
0.0690953000 0.0013428800
0.0689897400 0.0013352700
0.0688841900 0.0013276900
0.0687786300 0.0013201400
0.0686730700 0.0013126300
0.0685675200 0.0013051400
0.0684619600 0.0012976900
0.0683564000 0.0012902600
0.0682508500 0.0012828700
0.0681452900 0.0012755000
0.0680397300 0.0012681700
0.0679341700 0.0012608600
0.0678286200 0.0012535900
0.0677230600 0.0012463500
0.0676175000 0.0012391300
0.0675119500 0.0012319500
0.0674063900 0.0012248000
0.0673008300 0.0012176800
0.0671952800 0.0012105900
0.0670897200 0.0012035400
0.0669841600 0.0011965100
0.0668786100 0.0011895200
0.0667730500 0.0011825600
0.0666674900 0.0011756300
0.0665619400 0.0011687400
0.0664563800 0.0011618700
0.0663508200 0.0011550500
0.0662452600 0.0011482500
0.0661397100 0.0011414900
0.0660341500 0.0011347600
0.0659285900 0.0011280700
0.0658230400 0.0011214100
0.0657174800 0.0011147800
0.0656119200 0.0011081900
0.0655063700 0.0011016300
0.0654008100 0.0010951000
0.0652952500 0.0010886000
0.0651897000 0.0010821400
0.0650841400 0.0010757100
0.0649785800 0.0010693100
0.0648730200 0.0010629400
0.0647674700 0.0010566100
0.0646619100 0.0010503100
0.0645563500 0.0010440400
0.0644508000 0.0010378100
0.0643452400 0.0010316000
0.0642396800 0.0010254200
0.0641341300 0.0010192800
0.0640285700 0.0010131600
0.0639230100 0.0010070800
0.0638174600 0.0010010300
0.0637119000 0.0009950100
0.0636063400 0.0009890100
0.0635007800 0.0009830400
0.0633952300 0.0009771000
0.0632896700 0.0009711900
0.0631841100 0.0009653000
0.0630785600 0.0009594400
0.0629730000 0.0009536100
0.0628674400 0.0009478000
0.0627618900 0.0009420200
0.0626563300 0.0009362700
0.0625507700 0.0009305400
0.0624452200 0.0009248400
0.0623396600 0.0009191600
0.0622341000 0.0009135100
0.0621285400 0.0009078900
0.0620229900 0.0009023000
0.0619174300 0.0008967200
0.0618118700 0.0008911800
0.0617063200 0.0008856600
0.0616007600 0.0008801600
0.0614952000 0.0008746900
0.0613896500 0.0008692500
0.0612840900 0.0008638300
0.0611785300 0.0008584300
0.0610729800 0.0008530600
0.0609674200 0.0008477100
0.0608618600 0.0008423900
0.0607563000 0.0008370900
0.0606507500 0.0008318200
0.0605451900 0.0008265700
0.0604396300 0.0008213400
0.0603340800 0.0008161400
0.0602285200 0.0008109600
0.0601229600 0.0008058100
0.0600174100 0.0008006800
0.0599118500 0.0007955700
0.0598062900 0.0007904900
0.0597007400 0.0007854300
0.0595951800 0.0007804000
0.0594896200 0.0007753900
0.0593840600 0.0007704000
0.0592785100 0.0007654400
0.0591729500 0.0007605100
0.0590673900 0.0007555900
0.0589618400 0.0007507100
0.0588562800 0.0007458300
0.0587507200 0.0007409800
0.0586451700 0.0007361500
0.0585396100 0.0007313400
0.0584340500 0.0007265500
0.0583285000 0.0007217800
0.0582229400 0.0007170300
0.0581173800 0.0007122900
0.0580118200 0.0007075800
0.0579062700 0.0007028900
0.0578007100 0.0006982100
0.0576951500 0.0006935600
0.0575896000 0.0006889200
0.0574840400 0.0006843100
0.0573784800 0.0006797200
0.0572729300 0.0006751500
0.0571673700 0.0006706000
0.0570618100 0.0006660700
0.0569562600 0.0006615600
0.0568507000 0.0006570800
0.0567451400 0.0006526100
0.0566395800 0.0006481700
0.0565340300 0.0006437600
0.0564284700 0.0006393600
0.0563229100 0.0006349900
0.0562173600 0.0006306400
0.0561118000 0.0006263100
0.0560062400 0.0006220000
0.0559006900 0.0006177200
0.0557951300 0.0006134600
0.0556895700 0.0006092300
0.0555840200 0.0006050100
0.0554784600 0.0006008200
0.0553729000 0.0005966600
0.0552673400 0.0005925200
0.0551617900 0.0005884000
0.0550562300 0.0005843000
0.0549506700 0.0005802300
0.0548451200 0.0005761800
0.0547395600 0.0005721500
0.0546340000 0.0005681500
0.0545284500 0.0005641600
0.0544228900 0.0005602100
0.0543173300 0.0005562700
0.0542117800 0.0005523600
0.0541062200 0.0005484700
0.0540006600 0.0005446100
0.0538951100 0.0005407700
0.0537895500 0.0005369500
0.0536839900 0.0005331500
0.0535784300 0.0005293800
0.0534728800 0.0005256300
0.0533673200 0.0005219000
0.0532617600 0.0005181900
0.0531562100 0.0005145100
0.0530506500 0.0005108500
0.0529450900 0.0005072100
0.0528395400 0.0005035900
0.0527339800 0.0004999900
0.0526284200 0.0004964100
0.0525228700 0.0004928500
0.0524173100 0.0004893000
0.0523117500 0.0004857800
0.0522061900 0.0004822700
0.0521006400 0.0004787800
0.0519950800 0.0004753100
0.0518895200 0.0004718600
0.0517839700 0.0004684400
0.0516784100 0.0004650200
0.0515728500 0.0004616300
0.0514673000 0.0004582500
0.0513617400 0.0004548900
0.0512561800 0.0004515600
0.0511506300 0.0004482300
0.0510450700 0.0004449300
0.0509395100 0.0004416500
0.0508339500 0.0004383800
0.0507284000 0.0004351300
0.0506228400 0.0004319000
0.0505172800 0.0004286900
0.0504117300 0.0004255000
0.0503061700 0.0004223200
0.0502006100 0.0004191700
0.0500950600 0.0004160300
0.0499895000 0.0004129100
0.0498839400 0.0004098100
0.0497783900 0.0004067200
0.0496728300 0.0004036600
0.0495672700 0.0004006000
0.0494617100 0.0003975700
0.0493561600 0.0003945500
0.0492506000 0.0003915600
0.0491450400 0.0003885800
0.0490394900 0.0003856100
0.0489339300 0.0003826700
0.0488283700 0.0003797400
0.0487228200 0.0003768300
0.0486172600 0.0003739300
0.0485117000 0.0003710600
0.0484061500 0.0003682000
0.0483005900 0.0003653500
0.0481950300 0.0003625300
0.0480894700 0.0003597200
0.0479839200 0.0003569300
0.0478783600 0.0003541600
0.0477728000 0.0003514000
0.0476672500 0.0003486600
0.0475616900 0.0003459400
0.0474561300 0.0003432400
0.0473505800 0.0003405500
0.0472450200 0.0003378800
0.0471394600 0.0003352200
0.0470339100 0.0003325900
0.0469283500 0.0003299700
0.0468227900 0.0003273600
0.0467172300 0.0003247700
0.0466116800 0.0003222000
0.0465061200 0.0003196500
0.0464005600 0.0003171100
0.0462950100 0.0003145900
0.0461894500 0.0003120800
0.0460838900 0.0003095900
0.0459783400 0.0003071100
0.0458727800 0.0003046500
0.0457672200 0.0003022000
0.0456616700 0.0002997700
0.0455561100 0.0002973500
0.0454505500 0.0002949600
0.0453449900 0.0002925800
0.0452394400 0.0002902100
0.0451338800 0.0002878600
0.0450283200 0.0002855200
0.0449227700 0.0002832100
0.0448172100 0.0002809100
0.0447116500 0.0002786200
0.0446061000 0.0002763500
0.0445005400 0.0002741000
0.0443949800 0.0002718600
0.0442894300 0.0002696400
0.0441838700 0.0002674400
0.0440783100 0.0002652400
0.0439727600 0.0002630700
0.0438672000 0.0002609100
0.0437616400 0.0002587600
0.0436560800 0.0002566300
0.0435505300 0.0002545100
0.0434449700 0.0002524100
0.0433394100 0.0002503200
0.0432338600 0.0002482400
0.0431283000 0.0002461800
0.0430227400 0.0002441300
0.0429171900 0.0002421000
0.0428116300 0.0002400800
0.0427060700 0.0002380800
0.0426005100 0.0002360900
0.0424949600 0.0002341200
0.0423894000 0.0002321500
0.0422838400 0.0002302100
0.0421782900 0.0002282800
0.0420727300 0.0002263700
0.0419671700 0.0002244600
0.0418616200 0.0002225800
0.0417560600 0.0002207100
0.0416505000 0.0002188500
0.0415449500 0.0002170100
0.0414393900 0.0002151900
0.0413338300 0.0002133700
0.0412282700 0.0002115700
0.0411227200 0.0002097900
0.0410171600 0.0002080300
0.0409116000 0.0002062800
0.0408060500 0.0002045400
0.0407004900 0.0002028200
0.0405949300 0.0002011100
0.0404893800 0.0001994200
0.0403838200 0.0001977400
0.0402782600 0.0001960700
0.0401727100 0.0001944200
0.0400671500 0.0001927800
0.0399615900 0.0001911600
0.0398560400 0.0001895500
0.0397504800 0.0001879500
0.0396449200 0.0001863800
0.0395393600 0.0001848100
0.0394338100 0.0001832600
0.0393282500 0.0001817200
0.0392226900 0.0001802000
0.0391171400 0.0001787000
0.0390115800 0.0001772000
0.0389060200 0.0001757200
0.0388004700 0.0001742600
0.0386949100 0.0001728100
0.0385893500 0.0001713700
0.0384838000 0.0001699500
0.0383782400 0.0001685400
0.0382726800 0.0001671500
0.0381671300 0.0001657700
0.0380615700 0.0001644100
0.0379560100 0.0001630500
0.0378504500 0.0001617200
0.0377449000 0.0001603900
0.0376393400 0.0001590800
0.0375337800 0.0001577800
0.0374282300 0.0001564900
0.0373226700 0.0001552100
0.0372171100 0.0001539500
0.0371115600 0.0001527000
0.0370060000 0.0001514600
0.0369004400 0.0001502300
0.0367948900 0.0001490200
0.0366893300 0.0001478100
0.0365837700 0.0001466200
0.0364782100 0.0001454400
0.0363726600 0.0001442800
0.0362671000 0.0001431200
0.0361615400 0.0001419700
0.0360559900 0.0001408400
0.0359504300 0.0001397200
0.0358448700 0.0001386000
0.0357393200 0.0001375000
0.0356337600 0.0001364100
0.0355282000 0.0001353400
0.0354226400 0.0001342700
0.0353170900 0.0001332100
0.0352115300 0.0001321700
0.0351059700 0.0001311400
0.0350004200 0.0001301200
0.0348948600 0.0001291000
0.0347893000 0.0001281000
0.0346837500 0.0001271000
0.0345781900 0.0001261100
0.0344726300 0.0001251400
0.0343670800 0.0001241600
0.0342615200 0.0001232000
0.0341559600 0.0001222500
0.0340504100 0.0001213000
0.0339448500 0.0001203600
0.0338392900 0.0001194300
0.0337337300 0.0001185000
0.0336281800 0.0001175900
0.0335226200 0.0001166900
0.0334170600 0.0001157900
0.0333115100 0.0001149000
0.0332059500 0.0001140200
0.0331003900 0.0001131400
0.0329948400 0.0001122700
0.0328892800 0.0001114100
0.0327837200 0.0001105600
0.0326781700 0.0001097200
0.0325726100 0.0001088700
0.0324670500 0.0001080500
0.0323615000 0.0001072200
0.0322559400 0.0001064100
0.0321503800 0.0001055900
0.0320448200 0.0001047900
0.0319392700 0.0001040000
0.0318337100 0.0001032100
0.0317281500 0.0001024300
0.0316226000 0.0001016500
0.0315170400 0.0001008800
0.0314114800 0.0001001200
0.0313059200 0.0000993600
0.0312003700 0.0000986100
0.0310948100 0.0000978700
0.0309892500 0.0000971300
0.0308837000 0.0000964000
0.0307781400 0.0000956700
0.0306725800 0.0000949500
0.0305670300 0.0000942400
0.0304614700 0.0000935200
0.0303559100 0.0000928100
0.0302503600 0.0000921100
0.0301448000 0.0000914100
0.0300392400 0.0000907100
0.0299336800 0.0000900200
0.0298281300 0.0000893400
0.0297225700 0.0000886600
0.0296170100 0.0000879900
0.0295114600 0.0000873200
0.0294059000 0.0000866600
0.0293003400 0.0000860000
0.0291947900 0.0000853500
0.0290892300 0.0000847100
0.0289836700 0.0000840600
0.0288781200 0.0000834300
0.0287725600 0.0000828000
0.0286670000 0.0000821700
0.0285614400 0.0000815600
0.0284558900 0.0000809500
0.0283503300 0.0000803400
0.0282447700 0.0000797500
0.0281392200 0.0000791600
0.0280336600 0.0000785800
0.0279281000 0.0000780100
0.0278225500 0.0000774400
0.0277169900 0.0000768800
0.0276114300 0.0000763200
0.0275058800 0.0000757800
0.0274003200 0.0000752300
0.0272947700 0.0000747000
0.0271892000 0.0000741700
0.0270836500 0.0000736400
0.0269781000 0.0000731300
0.0268725400 0.0000726100
0.0267669800 0.0000721000
0.0266614200 0.0000716000
0.0265558600 0.0000711100
0.0264503100 0.0000706200
0.0263447500 0.0000701400
0.0262392000 0.0000696700
0.0261336400 0.0000692000
0.0260280800 0.0000687400
0.0259225300 0.0000682900
0.0258169700 0.0000678500
0.0257114200 0.0000674100
0.0256058500 0.0000669700
0.0255003000 0.0000665400
0.0253947500 0.0000661300
0.0252891800 0.0000657000
0.0251836300 0.0000653000
0.0250780700 0.0000648900
0.0249725100 0.0000644800
0.0248669600 0.0000640800
0.0247614000 0.0000636900
0.0246558400 0.0000633000
0.0245502800 0.0000629200
0.0244447300 0.0000625400
0.0243391700 0.0000621600
0.0242336100 0.0000617900
0.0241280500 0.0000614200
0.0240225000 0.0000610700
0.0239169400 0.0000607100
0.0238113800 0.0000603700
0.0237058300 0.0000600300
0.0236002700 0.0000597000
0.0234947100 0.0000593800
0.0233891600 0.0000590700
0.0232836000 0.0000587600
0.0231780400 0.0000584700
0.0230724900 0.0000581700
0.0229669300 0.0000578800
0.0228613700 0.0000576000
0.0227558200 0.0000573200
0.0226502600 0.0000570500
0.0225447000 0.0000567700
0.0224391400 0.0000565000
0.0223335900 0.0000562400
0.0222280300 0.0000559800
0.0221224700 0.0000557200
0.0220169200 0.0000554600
0.0219113600 0.0000552100
0.0218058100 0.0000549600
0.0217002500 0.0000547100
0.0215946900 0.0000544700
0.0214891300 0.0000542300
0.0213835800 0.0000539900
0.0212780200 0.0000537600
0.0211724600 0.0000535400
0.0210669000 0.0000533300
0.0209613500 0.0000531200
0.0208557900 0.0000529100
0.0207502300 0.0000527100
0.0206446800 0.0000525200
0.0205391200 0.0000523400
0.0204335600 0.0000521600
0.0203280100 0.0000520000
0.0202224500 0.0000518400
0.0201168900 0.0000516900
0.0200113400 0.0000515600
0.0199057800 0.0000514300
0.0198002200 0.0000513200
0.0196946700 0.0000512200
0.0195891100 0.0000511400
0.0194835600 0.0000510600
0.0193780000 0.0000510000
0.0192724400 0.0000509500
0.0191668800 0.0000509200
0.0190616600 0.0000509000
0.0189679300 0.0000508900
