0.1816605700 2.9262623800
0.1815779200 2.9204121900
0.1814952800 2.9145691400
0.1814126400 2.9087333300
0.1813300000 2.9029047100
0.1812473600 2.8970832900
0.1811647200 2.8912690700
0.1810820800 2.8854620600
0.1809994400 2.8796622400
0.1809168000 2.8738696200
0.1808341600 2.8680842100
0.1807515200 2.8623059900
0.1806688700 2.8565349700
0.1805862300 2.8507711600
0.1805035900 2.8450145400
0.1804209500 2.8392651200
0.1803383100 2.8335229100
0.1802556700 2.8277878900
0.1801730300 2.8220600700
0.1800903900 2.8163394600
0.1800077500 2.8106260400
0.1799251100 2.8049198300
0.1798424600 2.7992208100
0.1797598200 2.7935289900
0.1796771800 2.7878443800
0.1795945400 2.7821669600
0.1795119000 2.7764967500
0.1794292600 2.7708337300
0.1793466200 2.7651779200
0.1792639800 2.7595293000
0.1791813400 2.7538878800
0.1790987000 2.7482536700
0.1790160600 2.7426266500
0.1789334100 2.7370068400
0.1788507700 2.7313942200
0.1787681300 2.7257888100
0.1786854900 2.7201905900
0.1786028500 2.7145995800
0.1785202100 2.7090157600
0.1784375700 2.7034391500
0.1783549300 2.6978697300
0.1782722900 2.6923075200
0.1781896500 2.6867525000
0.1781070000 2.6812046900
0.1780243600 2.6756640700
0.1779417200 2.6701306600
0.1778590800 2.6646044500
0.1777764400 2.6590854300
0.1776938000 2.6535736200
0.1776111600 2.6480690000
0.1775285200 2.6425715900
0.1774458800 2.6370813700
0.1773632400 2.6315983600
0.1772806000 2.6261225500
0.1771979500 2.6206539300
0.1771153100 2.6151925200
0.1770326700 2.6097383100
0.1769500300 2.6042912900
0.1768673900 2.5988514800
0.1767847500 2.5934188700
0.1767021100 2.5879934500
0.1766194700 2.5825752400
0.1765368300 2.5771642300
0.1764541900 2.5717604100
0.1763715400 2.5663638000
0.1762889000 2.5609743900
0.1762062600 2.5555921700
0.1761236200 2.5502171600
0.1760409800 2.5448493500
0.1759583400 2.5394887400
0.1758757000 2.5341353200
0.1757930600 2.5287891100
0.1757104200 2.5234501000
0.1756277800 2.5181182900
0.1755451400 2.5127936700
0.1754624900 2.5074762600
0.1753798500 2.5021660500
0.1752972100 2.4968630400
0.1752145700 2.4915672200
0.1751319300 2.4862786100
0.1750492900 2.4809972300
0.1749666500 2.4757230100
0.1748840100 2.4704560000
0.1748013700 2.4651961800
0.1747187300 2.4599435600
0.1746360800 2.4546981500
0.1745534400 2.4494599400
0.1744708000 2.4442289300
0.1743881600 2.4390051200
0.1743055200 2.4337885000
0.1742228800 2.4285790900
0.1741402400 2.4233768800
0.1740576000 2.4181818700
0.1739749600 2.4129940600
0.1738923200 2.4078134500
0.1738096700 2.4026400400
0.1737270300 2.3974738300
0.1736443900 2.3923148100
0.1735617500 2.3871630100
0.1734791100 2.3820184000
0.1733964700 2.3768809900
0.1733138300 2.3717507800
0.1732311900 2.3666277700
0.1731485500 2.3615119600
0.1730659100 2.3564033500
0.1729832700 2.3513019400
0.1729006200 2.3462077300
0.1728179800 2.3411207200
0.1727353400 2.3360409100
0.1726527000 2.3309683000
0.1725700600 2.3259028900
0.1724874200 2.3208446800
0.1724047800 2.3157936700
0.1723221400 2.3107498600
0.1722395000 2.3057132500
0.1721568600 2.3006838400
0.1720742100 2.2956616300
0.1719915700 2.2906466300
0.1719089300 2.2856388200
0.1718262900 2.2806382100
0.1717436500 2.2756448000
0.1716610100 2.2706585900
0.1715783700 2.2656795900
0.1714957300 2.2607077800
0.1714130900 2.2557431700
0.1713304500 2.2507857600
0.1712478100 2.2458355600
0.1711651600 2.2408925500
0.1710825200 2.2359567400
0.1709998800 2.2310281300
0.1709172400 2.2261067300
0.1708346000 2.2211925200
0.1707519600 2.2162855100
0.1706693200 2.2113857000
0.1705866800 2.2064931000
0.1705040400 2.2016076900
0.1704214000 2.1967294800
0.1703387500 2.1918584800
0.1702561100 2.1869946700
0.1701734700 2.1821380700
0.1700908300 2.1772886600
0.1700081900 2.1724464600
0.1699255500 2.1676114500
0.1698429100 2.1627836500
0.1697602700 2.1579630400
0.1696776300 2.1531496000
0.1695949900 2.1483434000
0.1695123500 2.1435443900
0.1694297000 2.1387525800
0.1693470600 2.1339679800
0.1692644200 2.1291905700
0.1691817800 2.1244203600
0.1690991400 2.1196573600
0.1690165000 2.1149015500
0.1689338600 2.1101529500
0.1688512200 2.1054115400
0.1687685800 2.1006773300
0.1686859400 2.0959503300
0.1686032900 2.0912305200
0.1685206500 2.0865179200
0.1684380100 2.0818125100
0.1683553700 2.0771143100
0.1682727300 2.0724233000
0.1681900900 2.0677394900
0.1681074500 2.0630628900
0.1680248100 2.0583934800
0.1679421700 2.0537312800
0.1678595300 2.0490762700
0.1677768900 2.0444284700
0.1676942400 2.0397878600
0.1676116000 2.0351544600
0.1675289600 2.0305282500
0.1674463200 2.0259092500
0.1673636800 2.0212974400
0.1672810400 2.0166928400
0.1671984000 2.0120954400
0.1671157600 2.0075052300
0.1670331200 2.0029222300
0.1669504800 1.9983464200
0.1668678300 1.9937778200
0.1667851900 1.9892164100
0.1667025500 1.9846622100
0.1666199100 1.9801152100
0.1665372700 1.9755754000
0.1664546300 1.9710428000
0.1663719900 1.9665174000
0.1662893500 1.9619991900
0.1662067100 1.9574881900
0.1661240700 1.9529843800
0.1660414300 1.9484877800
0.1659587800 1.9439983800
0.1658761400 1.9395161700
0.1657935000 1.9350411700
0.1657108600 1.9305733700
0.1656282200 1.9261127700
0.1655455800 1.9216593600
0.1654629400 1.9172131600
0.1653803000 1.9127741600
0.1652976600 1.9083423500
0.1652150200 1.9039177500
0.1651323700 1.8995003500
0.1650497300 1.8950901500
0.1649670900 1.8906871400
0.1648844500 1.8862913400
0.1648018100 1.8819027400
0.1647191700 1.8775213400
0.1646365300 1.8731471400
0.1645538900 1.8687801300
0.1644712500 1.8644203300
0.1643886100 1.8600677300
0.1643059700 1.8557223300
0.1642233200 1.8513841300
0.1641406800 1.8470531200
0.1640580400 1.8427293200
0.1639754000 1.8384127200
0.1638927600 1.8341033200
0.1638101200 1.8298011200
0.1637274800 1.8255061200
0.1636448400 1.8212183200
0.1635622000 1.8169377100
0.1634795600 1.8126643100
0.1633969100 1.8083981100
0.1633142700 1.8041391100
0.1632316300 1.7998873100
0.1631489900 1.7956427100
0.1630663500 1.7914053100
0.1629837100 1.7871751100
0.1629010700 1.7829521100
0.1628184300 1.7787363100
0.1627357900 1.7745277100
0.1626531500 1.7703263100
0.1625705100 1.7661321100
0.1624878600 1.7619451100
0.1624052200 1.7577653100
0.1623225800 1.7535927100
0.1622399400 1.7494273100
0.1621573000 1.7452691100
0.1620746600 1.7411181100
0.1619920200 1.7369743100
0.1619093800 1.7328377100
0.1618267400 1.7287083100
0.1617441000 1.7245861100
0.1616614500 1.7204711100
0.1615788100 1.7163633100
0.1614961700 1.7122627100
0.1614135300 1.7081693100
0.1613308900 1.7040831100
0.1612482500 1.7000041100
0.1611656100 1.6959323200
0.1610829700 1.6918677200
0.1610003300 1.6878103200
0.1609176900 1.6837601200
0.1608350400 1.6797171200
0.1607524000 1.6756813200
0.1606697600 1.6716527200
0.1605871200 1.6676313200
0.1605044800 1.6636171300
0.1604218400 1.6596101300
0.1603392000 1.6556103300
0.1602565600 1.6516177300
0.1601739200 1.6476323300
0.1600912800 1.6436541400
0.1600086400 1.6396831400
0.1599259900 1.6357193400
0.1598433500 1.6317627400
0.1597607100 1.6278133500
0.1596780700 1.6238711500
0.1595954300 1.6199361500
0.1595127900 1.6160083500
0.1594301500 1.6120877600
0.1593475100 1.6081743600
0.1592648700 1.6042681600
0.1591822300 1.6003691600
0.1590995800 1.5964773700
0.1590169400 1.5925927700
0.1589343000 1.5887153700
0.1588516600 1.5848451800
0.1587690200 1.5809821800
0.1586863800 1.5771263800
0.1586037400 1.5732777900
0.1585211000 1.5694363900
0.1584384600 1.5656021900
0.1583558200 1.5617752000
0.1582731800 1.5579554000
0.1581905300 1.5541428000
0.1581078900 1.5503374100
0.1580252500 1.5465392100
0.1579426100 1.5427482200
0.1578599700 1.5389644200
0.1577773300 1.5351878300
0.1576946900 1.5314184300
0.1576120500 1.5276562300
0.1575294100 1.5239012400
0.1574467700 1.5201534400
0.1573641200 1.5164128500
0.1572814800 1.5126794500
0.1571988400 1.5089532600
0.1571162000 1.5052342600
0.1570335600 1.5015224700
0.1569509200 1.4978178700
0.1568682800 1.4941204800
0.1567856400 1.4904302800
0.1567030000 1.4867472900
0.1566203600 1.4830714900
0.1565377200 1.4794029000
0.1564550700 1.4757415000
0.1563724300 1.4720873100
0.1562897900 1.4684403100
0.1562071500 1.4648005200
0.1561245100 1.4611679300
0.1560418700 1.4575425300
0.1559592300 1.4539243400
0.1558765900 1.4503133400
0.1557939500 1.4467095500
0.1557113100 1.4431129600
0.1556286600 1.4395235600
0.1555460200 1.4359413700
0.1554633800 1.4323663700
0.1553807400 1.4287985800
0.1552981000 1.4252379900
0.1552154600 1.4216845900
0.1551328200 1.4181384000
0.1550501800 1.4145994100
0.1549675400 1.4110676100
0.1548849000 1.4075430200
0.1548022600 1.4040256300
0.1547196100 1.4005154300
0.1546369700 1.3970124400
0.1545543300 1.3935166500
0.1544716900 1.3900280600
0.1543890500 1.3865466600
0.1543064100 1.3830724700
0.1542237700 1.3796054800
0.1541411300 1.3761456900
0.1540584900 1.3726930900
0.1539758500 1.3692477000
0.1538932000 1.3658095100
0.1538105600 1.3623785200
0.1537279200 1.3589547200
0.1536452800 1.3555381300
0.1535626400 1.3521287400
0.1534800000 1.3487265500
0.1533973600 1.3453315600
0.1533147200 1.3419437700
0.1532320800 1.3385631700
0.1531494400 1.3351897800
0.1530668000 1.3318235900
0.1529841500 1.3284646000
0.1529015100 1.3251128100
0.1528188700 1.3217682200
0.1527362300 1.3184308300
0.1526535900 1.3151006300
0.1525709500 1.3117776400
0.1524883100 1.3084618500
0.1524056700 1.3051532600
0.1523230300 1.3018518700
0.1522403900 1.2985576800
0.1521577400 1.2952706900
0.1520751000 1.2919909000
0.1519924600 1.2887183100
0.1519098200 1.2854529200
0.1518271800 1.2821947300
0.1517445400 1.2789437400
0.1516619000 1.2756999500
0.1515792600 1.2724633600
0.1514966200 1.2692339700
0.1514139800 1.2660117800
0.1513313400 1.2627967900
0.1512486900 1.2595890000
0.1511660500 1.2563884100
0.1510834100 1.2531950200
0.1510007700 1.2500088300
0.1509181300 1.2468298400
0.1508354900 1.2436580500
0.1507528500 1.2404934600
0.1506702100 1.2373360700
0.1505875700 1.2341858800
0.1505049300 1.2310428900
0.1504222800 1.2279071000
0.1503396400 1.2247785200
0.1502570000 1.2216571300
0.1501743600 1.2185429400
0.1500917200 1.2154359500
0.1500090800 1.2123361600
0.1499264400 1.2092435700
0.1498438000 1.2061581800
0.1497611600 1.2030799900
0.1496785200 1.2000090100
0.1495958700 1.1969452200
0.1495132300 1.1938886300
0.1494305900 1.1908392400
0.1493479500 1.1877970500
0.1492653100 1.1847620700
0.1491826700 1.1817342800
0.1491000300 1.1787136900
0.1490173900 1.1757003000
0.1489347500 1.1726941100
0.1488521100 1.1696951300
0.1487694700 1.1667033400
0.1486868200 1.1637187500
0.1486041800 1.1607413600
0.1485215400 1.1577711800
0.1484389000 1.1548081900
0.1483562600 1.1518524000
0.1482736200 1.1489038200
0.1481909800 1.1459624300
0.1481083400 1.1430282400
0.1480257000 1.1401012600
0.1479430600 1.1371814700
0.1478604100 1.1342688800
0.1477777700 1.1313635000
0.1476951300 1.1284653100
0.1476124900 1.1255743200
0.1475298500 1.1226905400
0.1474472100 1.1198139500
0.1473645700 1.1169445600
0.1472819300 1.1140823800
0.1471992900 1.1112273900
0.1471166500 1.1083796100
0.1470340100 1.1055390200
0.1469513600 1.1027056300
0.1468687200 1.0998794500
0.1467860800 1.0970604600
0.1467034400 1.0942486800
0.1466208000 1.0914440900
0.1465381600 1.0886467100
0.1464555200 1.0858565200
0.1463728800 1.0830735300
0.1462902400 1.0802977500
0.1462076000 1.0775291600
0.1461249500 1.0747677800
0.1460423100 1.0720135900
0.1459596700 1.0692666100
0.1458770300 1.0665268200
0.1457943900 1.0637942400
0.1457117500 1.0610688600
0.1456291100 1.0583506700
0.1455464700 1.0556396900
0.1454638300 1.0529359000
0.1453811900 1.0502393200
0.1452985500 1.0475499300
0.1452159000 1.0448677500
0.1451332600 1.0421927600
0.1450506200 1.0395249800
0.1449679800 1.0368644000
0.1448853400 1.0342110100
0.1448027000 1.0315648300
0.1447200600 1.0289258400
0.1446374200 1.0262940600
0.1445547800 1.0236694800
0.1444721400 1.0210520900
0.1443894900 1.0184419100
0.1443068500 1.0158389300
0.1442242100 1.0132431400
0.1441415700 1.0106545600
0.1440589300 1.0080731800
0.1439762900 1.0054989900
0.1438936500 1.0029320100
0.1438110100 1.0003722300
0.1437283700 0.9978196400
0.1436457300 0.9952742600
0.1435630900 0.9927360800
0.1434804400 0.9902051000
0.1433978000 0.9876813100
0.1433151600 0.9851647300
0.1432325200 0.9826553500
0.1431498800 0.9801531700
0.1430672400 0.9776581800
0.1429846000 0.9751704000
0.1429019600 0.9726898200
0.1428193200 0.9702164400
0.1427366800 0.9677502600
0.1426540300 0.9652912700
0.1425713900 0.9628394900
0.1424887500 0.9603949100
0.1424061100 0.9579575300
0.1423234700 0.9555273500
0.1422408300 0.9531043700
0.1421581900 0.9506885800
0.1420755500 0.9482800000
0.1419929100 0.9458786200
0.1419102700 0.9434844400
0.1418276300 0.9410974600
0.1417449800 0.9387176800
0.1416623400 0.9363451000
0.1415797000 0.9339797200
0.1414970600 0.9316213600
0.1414144200 0.9292675300
0.1413317800 0.9269174000
0.1412491400 0.9245709800
0.1411665000 0.9222282400
0.1410838600 0.9198892200
0.1410012200 0.9175538900
0.1409185700 0.9152222600
0.1408359300 0.9128943300
0.1407532900 0.9105701000
0.1406706500 0.9082495800
0.1405880100 0.9059327500
0.1405053700 0.9036196200
0.1404227300 0.9013101900
0.1403400900 0.8990044600
0.1402574500 0.8967024300
0.1401748100 0.8944041000
0.1400921700 0.8921094700
0.1400095200 0.8898185400
0.1399268800 0.8875313100
0.1398442400 0.8852477800
0.1397616000 0.8829679600
0.1396789600 0.8806918300
0.1395963200 0.8784194000
0.1395136800 0.8761506700
0.1394310400 0.8738856400
0.1393484000 0.8716243200
0.1392657600 0.8693666900
0.1391831100 0.8671127700
0.1391004700 0.8648625300
0.1390178300 0.8626160000
0.1389351900 0.8603731800
0.1388525500 0.8581340500
0.1387699100 0.8558986200
0.1386872700 0.8536668900
0.1386046300 0.8514388600
0.1385219900 0.8492145400
0.1384393500 0.8469939100
0.1383567000 0.8447769800
0.1382740600 0.8425637600
0.1381914200 0.8403542300
0.1381087800 0.8381484000
0.1380261400 0.8359462700
0.1379435000 0.8337478500
0.1378608600 0.8315531200
0.1377782200 0.8293620900
0.1376955800 0.8271747700
0.1376129400 0.8249911400
0.1375303000 0.8228112200
0.1374476500 0.8206349900
0.1373650100 0.8184624600
0.1372823700 0.8162936400
0.1371997300 0.8141285100
0.1371170900 0.8119670800
0.1370344500 0.8098093600
0.1369518100 0.8076553300
0.1368691700 0.8055050000
0.1367865300 0.8033583800
0.1367038900 0.8012154500
0.1366212400 0.7990762300
0.1365386000 0.7969407000
0.1364559600 0.7948088700
0.1363733200 0.7926807500
0.1362906800 0.7905563200
0.1362080400 0.7884356000
0.1361254000 0.7863185700
0.1360427600 0.7842052400
0.1359601200 0.7820956200
0.1358774800 0.7799896900
0.1357948400 0.7778874700
0.1357121900 0.7757889400
0.1356295500 0.7736941200
0.1355469100 0.7716029900
0.1354642700 0.7695155600
0.1353816300 0.7674318400
0.1352989900 0.7653518100
0.1352163500 0.7632754900
0.1351337100 0.7612028600
0.1350510700 0.7591339400
0.1349684300 0.7570687100
0.1348857800 0.7550071800
0.1348031400 0.7529493600
0.1347205000 0.7508952300
0.1346378600 0.7488448100
0.1345552200 0.7467980800
0.1344725800 0.7447550600
0.1343899400 0.7427157300
0.1343073000 0.7406801000
0.1342246600 0.7386481800
0.1341420200 0.7366199500
0.1340593800 0.7345954300
0.1339767300 0.7325746000
0.1338940900 0.7305574800
0.1338114500 0.7285440500
0.1337288100 0.7265343200
0.1336461700 0.7245283000
0.1335635300 0.7225259700
0.1334808900 0.7205273500
0.1333982500 0.7185324200
0.1333156100 0.7165412000
0.1332329700 0.7145536800
0.1331503200 0.7125698500
0.1330676800 0.7105897300
0.1329850400 0.7086133000
0.1329024000 0.7066405800
0.1328197600 0.7046715600
0.1327371200 0.7027062400
0.1326544800 0.7007446200
0.1325718400 0.6987866900
0.1324892000 0.6968324700
0.1324065600 0.6948819500
0.1323239200 0.6929351200
0.1322412700 0.6909920000
0.1321586300 0.6890525700
0.1320759900 0.6871168400
0.1319933500 0.6851848300
0.1319107100 0.6832565000
0.1318280700 0.6813318800
0.1317454300 0.6794109400
0.1316627900 0.6774937200
0.1315801500 0.6755802000
0.1314975100 0.6736703700
0.1314148600 0.6717642500
0.1313322200 0.6698618300
0.1312495800 0.6679631000
0.1311669400 0.6660680800
0.1310843000 0.6641767600
0.1310016600 0.6622891300
0.1309190200 0.6604052100
0.1308363800 0.6585249900
0.1307537400 0.6566484600
0.1306711000 0.6547756400
0.1305884600 0.6529065200
0.1305058100 0.6510411000
0.1304231700 0.6491793700
0.1303405300 0.6473213500
0.1302578900 0.6454670300
0.1301752500 0.6436164100
0.1300926100 0.6417694800
0.1300099700 0.6399262600
0.1299273300 0.6380867400
0.1298446900 0.6362509200
0.1297620500 0.6344187900
0.1296794000 0.6325903700
0.1295967600 0.6307656500
0.1295141200 0.6289446300
0.1294314800 0.6271273100
0.1293488400 0.6253136800
0.1292662000 0.6235037600
0.1291835600 0.6216975400
0.1291009200 0.6198950300
0.1290182800 0.6180962000
0.1289356400 0.6163010800
0.1288530000 0.6145096600
0.1287703500 0.6127218600
0.1286877100 0.6109370800
0.1286050700 0.6091551800
0.1285224300 0.6073761800
0.1284397900 0.6056000800
0.1283571500 0.6038268600
0.1282745100 0.6020565100
0.1281918700 0.6002890600
0.1281092300 0.5985245000
0.1280265900 0.5967628400
0.1279439400 0.5950040500
0.1278613000 0.5932481500
0.1277786600 0.5914951500
0.1276960200 0.5897450300
0.1276133800 0.5879978100
0.1275307400 0.5862534600
0.1274481000 0.5845120100
0.1273654600 0.5827734500
0.1272828200 0.5810377700
0.1272001800 0.5793049900
0.1271175300 0.5775750900
0.1270348900 0.5758480800
0.1269522500 0.5741239600
0.1268696100 0.5724027300
0.1267869700 0.5706843900
0.1267043300 0.5689689300
0.1266216900 0.5672563600
0.1265390500 0.5655466900
0.1264564100 0.5638399000
0.1263737700 0.5621360000
0.1262911300 0.5604350000
0.1262084800 0.5587368600
0.1261258400 0.5570416200
0.1260432000 0.5553492800
0.1259605600 0.5536598200
0.1258779200 0.5519732500
0.1257952800 0.5502895700
0.1257126400 0.5486087700
0.1256300000 0.5469308800
0.1255473600 0.5452558500
0.1254647200 0.5435837300
0.1253820700 0.5419144900
0.1252994300 0.5402481400
0.1252167900 0.5385846800
0.1251341500 0.5369241100
0.1250515100 0.5352664200
0.1249688700 0.5336116200
0.1248862300 0.5319597200
0.1248035900 0.5303107000
0.1247209500 0.5286645700
0.1246383100 0.5270213300
0.1245556700 0.5253809700
0.1244730200 0.5237435100
0.1243903800 0.5221089300
0.1243077400 0.5204772400
0.1242251000 0.5188484400
0.1241424600 0.5172225300
0.1240598200 0.5155995100
0.1239771800 0.5139793700
0.1238945400 0.5123621200
0.1238119000 0.5107477600
0.1237292600 0.5091362900
0.1236466100 0.5075277100
0.1235639700 0.5059220200
0.1234813300 0.5043192200
0.1233986900 0.5027193000
0.1233160500 0.5011222800
0.1232334100 0.4995281400
0.1231507700 0.4979368900
0.1230681300 0.4963485300
0.1229854900 0.4947630600
0.1229028500 0.4931804700
0.1228202100 0.4916007800
0.1227375600 0.4900239700
0.1226549200 0.4884500500
0.1225722800 0.4868790200
0.1224896400 0.4853108800
0.1224070000 0.4837456300
0.1223243600 0.4821832700
0.1222417200 0.4806237900
0.1221590800 0.4790672000
0.1220764400 0.4775135000
0.1219938000 0.4759626900
0.1219111500 0.4744147700
0.1218285100 0.4728697400
0.1217458700 0.4713275900
0.1216632300 0.4697883300
0.1215805900 0.4682519700
0.1214979500 0.4667184900
0.1214153100 0.4651879000
0.1213326700 0.4636602000
0.1212500300 0.4621353800
0.1211673900 0.4606134600
0.1210847500 0.4590944200
0.1210021000 0.4575782700
0.1209194600 0.4560650100
0.1208368200 0.4545546400
0.1207541800 0.4530471500
0.1206715400 0.4515425500
0.1205889000 0.4500408500
0.1205062600 0.4485420300
0.1204236200 0.4470461000
0.1203409800 0.4455530600
0.1202583400 0.4440629100
0.1201756900 0.4425756500
0.1200930500 0.4410912700
0.1200104100 0.4396097800
0.1199277700 0.4381311900
0.1198451300 0.4366554800
0.1197624900 0.4351826600
0.1196798500 0.4337127200
0.1195972100 0.4322456800
0.1195145700 0.4307815300
0.1194319300 0.4293202600
0.1193492900 0.4278618800
0.1192666400 0.4264063900
0.1191840000 0.4249537900
0.1191013600 0.4235040700
0.1190187200 0.4220572500
0.1189360800 0.4206133100
0.1188534400 0.4191722700
0.1187708000 0.4177341100
0.1186881600 0.4162988400
0.1186055200 0.4148664500
0.1185228800 0.4134369600
0.1184402300 0.4120103600
0.1183575900 0.4105866400
0.1182749500 0.4091658100
0.1181923100 0.4077478700
0.1181096700 0.4063328200
0.1180270300 0.4049206600
0.1179443900 0.4035113800
0.1178617500 0.4021050000
0.1177791100 0.4007015000
0.1176964700 0.3993008900
0.1176138300 0.3979031700
0.1175311800 0.3965083400
0.1174485400 0.3951164000
0.1173659000 0.3937273400
0.1172832600 0.3923411800
0.1172006200 0.3909579000
0.1171179800 0.3895775100
0.1170353400 0.3882000100
0.1169527000 0.3868254000
0.1168700600 0.3854536800
0.1167874200 0.3840848400
0.1167047700 0.3827189000
0.1166221300 0.3813558400
0.1165394900 0.3799956700
0.1164568500 0.3786383900
0.1163742100 0.3772840000
0.1162915700 0.3759324900
0.1162089300 0.3745838800
0.1161262900 0.3732381500
0.1160436500 0.3718953000
0.1159610100 0.3705553500
0.1158783700 0.3692182600
0.1157957200 0.3678839800
0.1157130800 0.3665525100
0.1156304400 0.3652238800
0.1155478000 0.3638980800
0.1154651600 0.3625751000
0.1153825200 0.3612549400
0.1152998800 0.3599376100
0.1152172400 0.3586231000
0.1151346000 0.3573114100
0.1150519600 0.3560025500
0.1149693100 0.3546965100
0.1148866700 0.3533933000
0.1148040300 0.3520929100
0.1147213900 0.3507953400
0.1146387500 0.3495006000
0.1145561100 0.3482086800
0.1144734700 0.3469195900
0.1143908300 0.3456333200
0.1143081900 0.3443498700
0.1142255500 0.3430692500
0.1141429000 0.3417914500
0.1140602600 0.3405164800
0.1139776200 0.3392443300
0.1138949800 0.3379750100
0.1138123400 0.3367085100
0.1137297000 0.3354448300
0.1136470600 0.3341839700
0.1135644200 0.3329259400
0.1134817800 0.3316707400
0.1133991400 0.3304183600
0.1133165000 0.3291688000
0.1132338500 0.3279220700
0.1131512100 0.3266781600
0.1130685700 0.3254370800
0.1129859300 0.3241988200
0.1129032900 0.3229633800
0.1128206500 0.3217307700
0.1127380100 0.3205009800
0.1126553700 0.3192740200
0.1125727300 0.3180498800
0.1124900900 0.3168285600
0.1124074400 0.3156100700
0.1123248000 0.3143944000
0.1122421600 0.3131815600
0.1121595200 0.3119715400
0.1120768800 0.3107643400
0.1119942400 0.3095599300
0.1119116000 0.3083582800
0.1118289600 0.3071594000
0.1117463200 0.3059632900
0.1116636800 0.3047699500
0.1115810400 0.3035793800
0.1114983900 0.3023915700
0.1114157500 0.3012065400
0.1113331100 0.3000242800
0.1112504700 0.2988447700
0.1111678300 0.2976680400
0.1110851900 0.2964940800
0.1110025500 0.2953228900
0.1109199100 0.2941544600
0.1108372700 0.2929888100
0.1107546300 0.2918259200
0.1106719800 0.2906658000
0.1105893400 0.2895084500
0.1105067000 0.2883538700
0.1104240600 0.2872020600
0.1103414200 0.2860530100
0.1102587800 0.2849067400
0.1101761400 0.2837632300
0.1100935000 0.2826224900
0.1100108600 0.2814845200
0.1099282200 0.2803493300
0.1098455800 0.2792168900
0.1097629300 0.2780872300
0.1096802900 0.2769603300
0.1095976500 0.2758362000
0.1095150100 0.2747148500
0.1094323700 0.2735962600
0.1093497300 0.2724804400
0.1092670900 0.2713673800
0.1091844500 0.2702571000
0.1091018100 0.2691495900
0.1090191700 0.2680448400
0.1089365200 0.2669428600
0.1088538800 0.2658436500
0.1087712400 0.2647472100
0.1086886000 0.2636535400
0.1086059600 0.2625626300
0.1085233200 0.2614745000
0.1084406800 0.2603891300
0.1083580400 0.2593065400
0.1082754000 0.2582267100
0.1081927600 0.2571496500
0.1081101200 0.2560753500
0.1080274700 0.2550038300
0.1079448300 0.2539350700
0.1078621900 0.2528690900
0.1077795500 0.2518058700
0.1076969100 0.2507454200
0.1076142700 0.2496877400
0.1075316300 0.2486328300
0.1074489900 0.2475806800
0.1073663500 0.2465313100
0.1072837100 0.2454847000
0.1072010600 0.2444408600
0.1071184200 0.2433997900
0.1070357800 0.2423614900
0.1069531400 0.2413259600
0.1068705000 0.2402932000
0.1067878600 0.2392632000
0.1067052200 0.2382359800
0.1066225800 0.2372115200
0.1065399400 0.2361898300
0.1064573000 0.2351709100
0.1063746600 0.2341547600
0.1062920100 0.2331413800
0.1062093700 0.2321307600
0.1061267300 0.2311229100
0.1060440900 0.2301178400
0.1059614500 0.2291155300
0.1058788100 0.2281159900
0.1057961700 0.2271192100
0.1057135300 0.2261252100
0.1056308900 0.2251339800
0.1055482500 0.2241455100
0.1054656000 0.2231598100
0.1053829600 0.2221768800
0.1053003200 0.2211967200
0.1052176800 0.2202193300
0.1051350400 0.2192447100
0.1050524000 0.2182728500
0.1049697600 0.2173037700
0.1048871200 0.2163374500
0.1048044800 0.2153739000
0.1047218400 0.2144131200
0.1046392000 0.2134551100
0.1045565500 0.2124998700
0.1044739100 0.2115473900
0.1043912700 0.2105976900
0.1043086300 0.2096507500
0.1042259900 0.2087065800
0.1041433500 0.2077651800
0.1040607100 0.2068265500
0.1039780700 0.2058906900
0.1038954300 0.2049575900
0.1038127900 0.2040272700
0.1037301400 0.2030997100
0.1036475000 0.2021749200
0.1035648600 0.2012529000
0.1034822200 0.2003336500
0.1033995800 0.1994171700
0.1033169400 0.1985034600
0.1032343000 0.1975925000
0.1031516600 0.1966843300
0.1030690200 0.1957789200
0.1029863800 0.1948762800
0.1029037300 0.1939764100
0.1028210900 0.1930793100
0.1027384500 0.1921849700
0.1026558100 0.1912934100
0.1025731700 0.1904046100
0.1024905300 0.1895185800
0.1024078900 0.1886353200
0.1023252500 0.1877548300
0.1022426100 0.1868771100
0.1021599700 0.1860021500
0.1020773300 0.1851299700
0.1019946800 0.1842605500
0.1019120400 0.1833939000
0.1018294000 0.1825300200
0.1017467600 0.1816689100
0.1016641200 0.1808105700
0.1015814800 0.1799550000
0.1014988400 0.1791021900
0.1014162000 0.1782521500
0.1013335600 0.1774048800
0.1012509200 0.1765603800
0.1011682700 0.1757186500
0.1010856300 0.1748796900
0.1010029900 0.1740435000
0.1009203500 0.1732100700
0.1008377100 0.1723794100
0.1007550700 0.1715515200
0.1006724300 0.1707264000
0.1005897900 0.1699040500
0.1005071500 0.1690844700
0.1004245100 0.1682676600
0.1003418700 0.1674536100
0.1002592200 0.1666423400
0.1001765800 0.1658338300
0.1000939400 0.1650280900
0.1000113000 0.1642251200
0.0999286600 0.1634249100
0.0998460200 0.1626274800
0.0997633800 0.1618328200
0.0996807400 0.1610409200
0.0995981000 0.1602517900
0.0995154600 0.1594654300
0.0994328100 0.1586818400
0.0993501700 0.1579010200
0.0992675300 0.1571229700
0.0991848900 0.1563476800
0.0991022500 0.1555751600
0.0990196100 0.1548054200
0.0989369700 0.1540384400
0.0988543300 0.1532742300
0.0987716900 0.1525127800
0.0986890500 0.1517541100
0.0986064100 0.1509982000
0.0985237600 0.1502450700
0.0984411200 0.1494947000
0.0983584800 0.1487471000
0.0982758400 0.1480022700
0.0981932000 0.1472602100
0.0981105600 0.1465209100
0.0980279200 0.1457843900
0.0979452800 0.1450506300
0.0978626400 0.1443196500
0.0977800000 0.1435914300
0.0976973500 0.1428659800
0.0976147100 0.1421432900
0.0975320700 0.1414233800
0.0974494300 0.1407062300
0.0973667900 0.1399918600
0.0972841500 0.1392802500
0.0972015100 0.1385714100
0.0971188700 0.1378653400
0.0970362300 0.1371620400
0.0969535900 0.1364615100
0.0968709500 0.1357637400
0.0967883000 0.1350687400
0.0967056600 0.1343765200
0.0966230200 0.1336870600
0.0965403800 0.1330003700
0.0964577400 0.1323164500
0.0963751000 0.1316352900
0.0962924600 0.1309569100
0.0962098200 0.1302812900
0.0961271800 0.1296084400
0.0960445400 0.1289383700
0.0959618900 0.1282710500
0.0958792500 0.1276065100
0.0957966100 0.1269447400
0.0957139700 0.1262857400
0.0956313300 0.1256295000
0.0955486900 0.1249760300
0.0954660500 0.1243253300
0.0953834100 0.1236774000
0.0953007700 0.1230322400
0.0952181300 0.1223898500
0.0951354900 0.1217502200
0.0950528400 0.1211133700
0.0949702000 0.1204792800
0.0948875600 0.1198479600
0.0948049200 0.1192194100
0.0947222800 0.1185936300
0.0946396400 0.1179706200
0.0945570000 0.1173503700
0.0944743600 0.1167329000
0.0943917200 0.1161181900
0.0943090800 0.1155062500
0.0942264300 0.1148970800
0.0941437900 0.1142906800
0.0940611500 0.1136870500
0.0939785100 0.1130861800
0.0938958700 0.1124880800
0.0938132300 0.1118927600
0.0937305900 0.1113002000
0.0936479500 0.1107104100
0.0935653100 0.1101233900
0.0934826700 0.1095391300
0.0934000300 0.1089576500
0.0933173800 0.1083789300
0.0932347400 0.1078029900
0.0931521000 0.1072298100
0.0930694600 0.1066594000
0.0929868200 0.1060917600
0.0929041800 0.1055268900
0.0928215400 0.1049647800
0.0927389000 0.1044054500
0.0926562600 0.1038488800
0.0925736200 0.1032950800
0.0924909700 0.1027440500
0.0924083300 0.1021957900
0.0923256900 0.1016503000
0.0922430500 0.1011075700
0.0921604100 0.1005676200
0.0920777700 0.1000304300
0.0919951300 0.0994960100
0.0919124900 0.0989643600
0.0918298500 0.0984354800
0.0917472100 0.0979093700
0.0916645600 0.0973860200
0.0915819200 0.0968654500
0.0914992800 0.0963476400
0.0914166400 0.0958326000
0.0913340000 0.0953203300
0.0912513600 0.0948103000
0.0911687200 0.0943021800
0.0910860800 0.0937959900
0.0910034400 0.0932917200
0.0909208000 0.0927893600
0.0908381600 0.0922889200
0.0907555100 0.0917904100
0.0906728700 0.0912938100
0.0905902300 0.0907991300
0.0905075900 0.0903063600
0.0904249500 0.0898155200
0.0903423100 0.0893265900
0.0902596700 0.0888395900
0.0901770300 0.0883545000
0.0900943900 0.0878713300
0.0900117500 0.0873900800
0.0899291000 0.0869107500
0.0898464600 0.0864333400
0.0897638200 0.0859578500
0.0896811800 0.0854842700
0.0895985400 0.0850126200
0.0895159000 0.0845428800
0.0894332600 0.0840750600
0.0893506200 0.0836091600
0.0892679800 0.0831451800
0.0891853400 0.0826831200
0.0891027000 0.0822229800
0.0890200500 0.0817647500
0.0889374100 0.0813084500
0.0888547700 0.0808540600
0.0887721300 0.0804015900
0.0886894900 0.0799510400
0.0886068500 0.0795024100
0.0885242100 0.0790557000
0.0884415700 0.0786109100
0.0883589300 0.0781680300
0.0882762900 0.0777270800
0.0881936400 0.0772880400
0.0881110000 0.0768509300
0.0880283600 0.0764157300
0.0879457200 0.0759824500
0.0878630800 0.0755510900
0.0877804400 0.0751216400
0.0876978000 0.0746941200
0.0876151600 0.0742685100
0.0875325200 0.0738448300
0.0874498800 0.0734230600
0.0873672400 0.0730032100
0.0872845900 0.0725852800
0.0872019500 0.0721692700
0.0871193100 0.0717551800
0.0870366700 0.0713430000
0.0869540300 0.0709327500
0.0868713900 0.0705244100
0.0867887500 0.0701179900
0.0867061100 0.0697134900
0.0866234700 0.0693109100
0.0865408300 0.0689102500
0.0864581800 0.0685115100
0.0863755400 0.0681146900
0.0862929000 0.0677197800
0.0862102600 0.0673268000
0.0861276200 0.0669357300
0.0860449800 0.0665465800
0.0859623400 0.0661593500
0.0858797000 0.0657740400
0.0857970600 0.0653906500
0.0857144200 0.0650091800
0.0856317800 0.0646296200
0.0855491300 0.0642519900
0.0854664900 0.0638762700
0.0853838500 0.0635024700
0.0853012100 0.0631305900
0.0852185700 0.0627606300
0.0851359300 0.0623925900
0.0850532900 0.0620264700
0.0849706500 0.0616622600
0.0848880100 0.0612999800
0.0848053700 0.0609396100
0.0847227200 0.0605811600
0.0846400800 0.0602246300
0.0845574400 0.0598700200
0.0844748000 0.0595173300
0.0843921600 0.0591665600
0.0843095200 0.0588177000
0.0842268800 0.0584707700
0.0841442400 0.0581257500
0.0840616000 0.0577826500
0.0839789600 0.0574414700
0.0838963200 0.0571022100
0.0838136700 0.0567648700
0.0837310300 0.0564294500
0.0836483900 0.0560959500
0.0835657500 0.0557643600
0.0834831100 0.0554347000
0.0834004700 0.0551069500
0.0833178300 0.0547811200
0.0832351900 0.0544572100
0.0831525500 0.0541352200
0.0830699100 0.0538151500
0.0829872600 0.0534969900
0.0829046200 0.0531807600
0.0828219800 0.0528664400
0.0827393400 0.0525540400
0.0826567000 0.0522435600
0.0825740600 0.0519350100
0.0824914200 0.0516283600
0.0824087800 0.0513236400
0.0823261400 0.0510208400
0.0822435000 0.0507199500
0.0821608600 0.0504209900
0.0820782100 0.0501239400
0.0819955700 0.0498288100
0.0819129300 0.0495356000
0.0818302900 0.0492443100
0.0817476500 0.0489549400
0.0816650100 0.0486674900
0.0815823700 0.0483819500
0.0814997300 0.0480983400
0.0814170900 0.0478166400
0.0813344500 0.0475368600
0.0812518000 0.0472589900
0.0811691600 0.0469828900
0.0810865200 0.0467085000
0.0810038800 0.0464358300
0.0809212400 0.0461648700
0.0808386000 0.0458956300
0.0807559600 0.0456281000
0.0806733200 0.0453622900
0.0805906800 0.0450981900
0.0805080400 0.0448358000
0.0804253900 0.0445751300
0.0803427500 0.0443161800
0.0802601100 0.0440589400
0.0801774700 0.0438034200
0.0800948300 0.0435496100
0.0800121900 0.0432975100
0.0799295500 0.0430471200
0.0798469100 0.0427984600
0.0797642700 0.0425515000
0.0796816300 0.0423062700
0.0795989900 0.0420627400
0.0795163400 0.0418209400
0.0794337000 0.0415808500
0.0793510600 0.0413424700
0.0792684200 0.0411058000
0.0791857800 0.0408708600
0.0791031400 0.0406376200
0.0790205000 0.0404061000
0.0789378600 0.0401763000
0.0788552200 0.0399482100
0.0787725800 0.0397218500
0.0786899300 0.0394971900
0.0786072900 0.0392742400
0.0785246500 0.0390530100
0.0784420100 0.0388335000
0.0783593700 0.0386157000
0.0782767300 0.0383996100
0.0781940900 0.0381852300
0.0781114500 0.0379725800
0.0780288100 0.0377616300
0.0779461700 0.0375524100
0.0778635300 0.0373449000
0.0777808800 0.0371391000
0.0776982400 0.0369350200
0.0776156000 0.0367326500
0.0775329600 0.0365320000
0.0774503200 0.0363330600
0.0773676800 0.0361358400
0.0772850400 0.0359403300
0.0772024000 0.0357465300
0.0771197600 0.0355544600
0.0770371200 0.0353640900
0.0769544700 0.0351754400
0.0768718300 0.0349885100
0.0767891900 0.0348032900
0.0767065500 0.0346197800
0.0766239100 0.0344379900
0.0765412700 0.0342579200
0.0764586300 0.0340795600
0.0763759900 0.0339029100
0.0762933500 0.0337279800
0.0762107100 0.0335547600
0.0761280700 0.0333832600
0.0760454200 0.0332134800
0.0759627800 0.0330452600
0.0758801400 0.0328783500
0.0757975000 0.0327127400
0.0757148600 0.0325484300
0.0756322200 0.0323854100
0.0755495800 0.0322237000
0.0754669400 0.0320632900
0.0753843000 0.0319041800
0.0753016600 0.0317463600
0.0752190100 0.0315898500
0.0751363700 0.0314346100
0.0750537300 0.0312805900
0.0749710900 0.0311277700
0.0748884500 0.0309761600
0.0748058100 0.0308257600
0.0747231700 0.0306765500
0.0746405300 0.0305285700
0.0745578900 0.0303817900
0.0744752500 0.0302362000
0.0743926100 0.0300918300
0.0743099600 0.0299486700
0.0742273200 0.0298067000
0.0741446800 0.0296654500
0.0740620400 0.0295246500
0.0739794000 0.0293842900
0.0738967600 0.0292443800
0.0738141200 0.0291049200
0.0737314800 0.0289659100
0.0736488400 0.0288273500
0.0735662000 0.0286892300
0.0734835500 0.0285515700
0.0734009100 0.0284143500
0.0733182700 0.0282775700
0.0732356300 0.0281412500
0.0731529900 0.0280053800
0.0730703500 0.0278699500
0.0729877100 0.0277349700
0.0729050700 0.0276004400
0.0728224300 0.0274663500
0.0727397900 0.0273327200
0.0726571500 0.0271995300
0.0725745000 0.0270667900
0.0724918600 0.0269345000
0.0724092200 0.0268026500
0.0723265800 0.0266712500
0.0722439400 0.0265403000
0.0721613000 0.0264098100
0.0720786600 0.0262797600
0.0719960200 0.0261501500
0.0719133800 0.0260209900
0.0718307400 0.0258922800
0.0717480900 0.0257640200
0.0716654500 0.0256362100
0.0715828100 0.0255088400
0.0715001700 0.0253819300
0.0714175300 0.0252554600
0.0713348900 0.0251294400
0.0712522500 0.0250038700
0.0711696100 0.0248787400
0.0710869700 0.0247540700
0.0710043300 0.0246298400
0.0709216900 0.0245060600
0.0708390400 0.0243827200
0.0707564000 0.0242598400
0.0706737600 0.0241374000
0.0705911200 0.0240154100
0.0705084800 0.0238938700
0.0704258400 0.0237727800
0.0703432000 0.0236521300
0.0702605600 0.0235319300
0.0701779200 0.0234121800
0.0700952800 0.0232928800
0.0700126300 0.0231740300
0.0699299900 0.0230556300
0.0698473500 0.0229376700
0.0697647100 0.0228201600
0.0696820700 0.0227031000
0.0695994300 0.0225864800
0.0695167900 0.0224703200
0.0694341500 0.0223546000
0.0693515100 0.0222393200
0.0692688700 0.0221244800
0.0691862300 0.0220100800
0.0691035800 0.0218961100
0.0690209400 0.0217825800
0.0689383000 0.0216694800
0.0688556600 0.0215568200
0.0687730200 0.0214446000
0.0686903800 0.0213328000
0.0686077400 0.0212214500
0.0685251000 0.0211105300
0.0684424600 0.0210000500
0.0683598200 0.0208900000
0.0682771700 0.0207803900
0.0681945300 0.0206712200
0.0681118900 0.0205624900
0.0680292500 0.0204541800
0.0679466100 0.0203463100
0.0678639700 0.0202388800
0.0677813300 0.0201318900
0.0676986900 0.0200253300
0.0676160500 0.0199192100
0.0675334100 0.0198135200
0.0674507600 0.0197082700
0.0673681200 0.0196034500
0.0672854800 0.0194990700
0.0672028400 0.0193951300
0.0671202000 0.0192916200
0.0670375600 0.0191885500
0.0669549200 0.0190859100
0.0668722800 0.0189837100
0.0667896400 0.0188819500
0.0667070000 0.0187806200
0.0666243600 0.0186797300
0.0665417100 0.0185792700
0.0664590700 0.0184792500
0.0663764300 0.0183796700
0.0662937900 0.0182805200
0.0662111500 0.0181818000
0.0661285100 0.0180835300
0.0660458700 0.0179856800
0.0659632300 0.0178882800
0.0658805900 0.0177913100
0.0657979500 0.0176947800
0.0657153000 0.0175986800
0.0656326600 0.0175030200
0.0655500200 0.0174077900
0.0654673800 0.0173130000
0.0653847400 0.0172186400
0.0653021000 0.0171247300
0.0652194600 0.0170312400
0.0651368200 0.0169382000
0.0650541800 0.0168455900
0.0649715400 0.0167534100
0.0648889000 0.0166616200
0.0648062500 0.0165702300
0.0647236100 0.0164792200
0.0646409700 0.0163885900
0.0645583300 0.0162983400
0.0644756900 0.0162084800
0.0643930500 0.0161190100
0.0643104100 0.0160299200
0.0642277700 0.0159412200
0.0641451300 0.0158529000
0.0640624900 0.0157649600
0.0639798400 0.0156774100
0.0638972000 0.0155902500
0.0638145600 0.0155034600
0.0637319200 0.0154170700
0.0636492800 0.0153310600
0.0635666400 0.0152454300
0.0634840000 0.0151601900
0.0634013600 0.0150753300
0.0633187200 0.0149908600
0.0632360800 0.0149067700
0.0631534400 0.0148230700
0.0630707900 0.0147397500
0.0629881500 0.0146568200
0.0629055100 0.0145742700
0.0628228700 0.0144921100
0.0627402300 0.0144103300
0.0626575900 0.0143289300
0.0625749500 0.0142479200
0.0624923100 0.0141673000
0.0624096700 0.0140870600
0.0623270300 0.0140072000
0.0622443800 0.0139277400
0.0621617400 0.0138486500
0.0620791000 0.0137699500
0.0619964600 0.0136916300
0.0619138200 0.0136137000
0.0618311800 0.0135361400
0.0617485400 0.0134589600
0.0616659000 0.0133821500
0.0615832600 0.0133057100
0.0615006200 0.0132296500
0.0614179800 0.0131539600
0.0613353300 0.0130786400
0.0612526900 0.0130037000
0.0611700500 0.0129291200
0.0610874100 0.0128549300
0.0610047700 0.0127811000
0.0609221300 0.0127076600
0.0608394900 0.0126345800
0.0607568500 0.0125618800
0.0606742100 0.0124895500
0.0605915700 0.0124175900
0.0605089200 0.0123460000
0.0604262800 0.0122748000
0.0603436400 0.0122039600
0.0602610000 0.0121334900
0.0601783600 0.0120634100
0.0600957200 0.0119936900
0.0600130800 0.0119243400
0.0599304400 0.0118553800
0.0598478000 0.0117867800
0.0597651600 0.0117185600
0.0596825200 0.0116507100
0.0595998700 0.0115832300
0.0595172300 0.0115161300
0.0594345900 0.0114494000
0.0593519500 0.0113830500
0.0592693100 0.0113170600
0.0591866700 0.0112514500
0.0591040300 0.0111862100
0.0590213900 0.0111213300
0.0589387500 0.0110568200
0.0588561100 0.0109926800
0.0587734600 0.0109289000
0.0586908200 0.0108654800
0.0586081800 0.0108024300
0.0585255400 0.0107397500
0.0584429000 0.0106774300
0.0583602600 0.0106154700
0.0582776200 0.0105538800
0.0581949800 0.0104926600
0.0581123400 0.0104318000
0.0580297000 0.0103713000
0.0579470600 0.0103111700
0.0578644100 0.0102514000
0.0577817700 0.0101920000
0.0576991300 0.0101329600
0.0576164900 0.0100742400
0.0575338500 0.0100157700
0.0574512100 0.0099575600
0.0573685700 0.0098995900
0.0572859300 0.0098418800
0.0572032900 0.0097844100
0.0571206500 0.0097272000
0.0570380000 0.0096702400
0.0569553600 0.0096135300
0.0568727200 0.0095570700
0.0567900800 0.0095008600
0.0567074400 0.0094449000
0.0566248000 0.0093891900
0.0565421600 0.0093337400
0.0564595200 0.0092785300
0.0563768800 0.0092235700
0.0562942400 0.0091688700
0.0562116000 0.0091144200
0.0561289500 0.0090602100
0.0560463100 0.0090062600
0.0559636700 0.0089525600
0.0558810300 0.0088991000
0.0557983900 0.0088459000
0.0557157500 0.0087929600
0.0556331100 0.0087402600
0.0555504700 0.0086878100
0.0554678300 0.0086356100
0.0553851900 0.0085836700
0.0553025400 0.0085319700
0.0552199000 0.0084805300
0.0551372600 0.0084293300
0.0550546200 0.0083783900
0.0549719800 0.0083277000
0.0548893400 0.0082772600
0.0548067000 0.0082270700
0.0547240600 0.0081771300
0.0546414200 0.0081274400
0.0545587800 0.0080780000
0.0544761300 0.0080288200
0.0543934900 0.0079798800
0.0543108500 0.0079311900
0.0542282100 0.0078827600
0.0541455700 0.0078345700
0.0540629300 0.0077866200
0.0539802900 0.0077389100
0.0538976500 0.0076914500
0.0538150100 0.0076442200
0.0537323700 0.0075972200
0.0536497300 0.0075504600
0.0535670800 0.0075039300
0.0534844400 0.0074576300
0.0534018000 0.0074115700
0.0533191600 0.0073657400
0.0532365200 0.0073201400
0.0531538800 0.0072747800
0.0530712400 0.0072296700
0.0529886000 0.0071848000
0.0529059600 0.0071401600
0.0528233200 0.0070957500
0.0527406700 0.0070515900
0.0526580300 0.0070076600
0.0525753900 0.0069639700
0.0524927500 0.0069205100
0.0524101100 0.0068772900
0.0523274700 0.0068343100
0.0522448300 0.0067915600
0.0521621900 0.0067490500
0.0520795500 0.0067067800
0.0519969100 0.0066647500
0.0519142700 0.0066229500
0.0518316200 0.0065813900
0.0517489800 0.0065400600
0.0516663400 0.0064989700
0.0515837000 0.0064581200
0.0515010600 0.0064175000
0.0514184200 0.0063771300
0.0513357800 0.0063369800
0.0512531400 0.0062970800
0.0511705000 0.0062574100
0.0510878600 0.0062179800
0.0510052100 0.0061787800
0.0509225700 0.0061398200
0.0508399300 0.0061011000
0.0507572900 0.0060626200
0.0506746500 0.0060243700
0.0505920100 0.0059863600
0.0505093700 0.0059485900
0.0504267300 0.0059110500
0.0503440900 0.0058737500
0.0502614500 0.0058366800
0.0501788100 0.0057998500
0.0500961600 0.0057632600
0.0500135200 0.0057269100
0.0499308800 0.0056907900
0.0498482400 0.0056549100
0.0497656000 0.0056192700
0.0496829600 0.0055838600
0.0496003200 0.0055486900
0.0495176800 0.0055137500
0.0494350400 0.0054790600
0.0493524000 0.0054446000
0.0492697500 0.0054103700
0.0491871100 0.0053763900
0.0491044700 0.0053426400
0.0490218300 0.0053091200
0.0489391900 0.0052758500
0.0488565500 0.0052428000
0.0487739100 0.0052099600
0.0486912700 0.0051773200
0.0486086300 0.0051448800
0.0485259900 0.0051126500
0.0484433500 0.0050806100
0.0483607000 0.0050487500
0.0482780600 0.0050170500
0.0481954200 0.0049855100
0.0481127800 0.0049541200
0.0480301400 0.0049229000
0.0479475000 0.0048918300
0.0478648600 0.0048609200
0.0477822200 0.0048301600
0.0476995800 0.0047995600
0.0476169400 0.0047691200
0.0475342900 0.0047388400
0.0474516500 0.0047086900
0.0473690100 0.0046786800
0.0472863700 0.0046488100
0.0472037300 0.0046190800
0.0471210900 0.0045895000
0.0470384500 0.0045600500
0.0469558100 0.0045307400
0.0468731700 0.0045015800
0.0467905300 0.0044725500
0.0467078900 0.0044436600
0.0466252400 0.0044149100
0.0465426000 0.0043863000
0.0464599600 0.0043578300
0.0463773200 0.0043295000
0.0462946800 0.0043013000
0.0462120400 0.0042732500
0.0461294000 0.0042453500
0.0460467600 0.0042175800
0.0459641200 0.0041899600
0.0458814800 0.0041624900
0.0457988300 0.0041351700
0.0457161900 0.0041080000
0.0456335500 0.0040809800
0.0455509100 0.0040541100
0.0454682700 0.0040274000
0.0453856300 0.0040008300
0.0453029900 0.0039744100
0.0452203500 0.0039481500
0.0451377100 0.0039220300
0.0450550700 0.0038960700
0.0449724200 0.0038702500
0.0448897800 0.0038445900
0.0448071400 0.0038190800
0.0447245000 0.0037937200
0.0446418600 0.0037685000
0.0445592200 0.0037434500
0.0444765800 0.0037185300
0.0443939400 0.0036937700
0.0443113000 0.0036691600
0.0442286600 0.0036447100
0.0441460200 0.0036204000
0.0440633700 0.0035962400
0.0439807300 0.0035722400
0.0438980900 0.0035483800
0.0438154500 0.0035246700
0.0437328100 0.0035011200
0.0436501700 0.0034777100
0.0435675300 0.0034544700
0.0434848900 0.0034313600
0.0434022500 0.0034084100
0.0433196100 0.0033856100
0.0432369700 0.0033629600
0.0431543200 0.0033404500
0.0430716800 0.0033181000
0.0429890400 0.0032959000
0.0429064000 0.0032738500
0.0428237600 0.0032519600
0.0427411200 0.0032302100
0.0426584800 0.0032086100
0.0425758400 0.0031871700
0.0424932000 0.0031658700
0.0424105600 0.0031447300
0.0423279100 0.0031237300
0.0422452700 0.0031028900
0.0421626300 0.0030822000
0.0420799900 0.0030616500
0.0419973500 0.0030412600
0.0419147100 0.0030210200
0.0418320700 0.0030009300
0.0417494300 0.0029809900
0.0416667900 0.0029612000
0.0415841500 0.0029415600
0.0415015000 0.0029220800
0.0414188600 0.0029027400
0.0413362200 0.0028835600
0.0412535800 0.0028645300
0.0411709400 0.0028456600
0.0410883000 0.0028269300
0.0410056600 0.0028083600
0.0409230200 0.0027899400
0.0408403800 0.0027716700
0.0407577400 0.0027535500
0.0406751000 0.0027355900
0.0405924500 0.0027177700
0.0405098100 0.0027001100
0.0404271700 0.0026826000
0.0403445300 0.0026652500
0.0402618900 0.0026480400
0.0401792500 0.0026309800
0.0400966100 0.0026140800
0.0400139700 0.0025973300
0.0399313300 0.0025807400
0.0398486900 0.0025642900
0.0397660400 0.0025479800
0.0396834000 0.0025318100
0.0396007600 0.0025157800
0.0395181200 0.0024998900
0.0394354800 0.0024841300
0.0393528400 0.0024685200
0.0392702000 0.0024530400
0.0391875600 0.0024377000
0.0391049200 0.0024225000
0.0390222800 0.0024074400
0.0389396400 0.0023925200
0.0388569900 0.0023777300
0.0387743500 0.0023630900
0.0386917100 0.0023485800
0.0386090700 0.0023342100
0.0385264300 0.0023199800
0.0384437900 0.0023058900
0.0383611500 0.0022919400
0.0382785100 0.0022781200
0.0381958700 0.0022644400
0.0381132300 0.0022509100
0.0380305800 0.0022375100
0.0379479400 0.0022242400
0.0378653000 0.0022111300
0.0377826600 0.0021981400
0.0377000200 0.0021852900
0.0376173800 0.0021725900
0.0375347400 0.0021600200
0.0374521000 0.0021475900
0.0373694600 0.0021353000
0.0372868200 0.0021231400
0.0372041800 0.0021111300
0.0371215300 0.0020992500
0.0370388900 0.0020875200
0.0369562500 0.0020759200
0.0368736100 0.0020644600
0.0367909700 0.0020531400
0.0367083300 0.0020419500
0.0366256900 0.0020309100
0.0365430500 0.0020200000
0.0364604100 0.0020092000
0.0363777700 0.0019984800
0.0362951200 0.0019878500
0.0362124800 0.0019773000
0.0361298400 0.0019668200
0.0360472000 0.0019564300
0.0359645600 0.0019461200
0.0358819200 0.0019359000
0.0357992800 0.0019257600
0.0357166400 0.0019157000
0.0356340000 0.0019057300
0.0355513600 0.0018958300
0.0354687200 0.0018860200
0.0353860700 0.0018762900
0.0353034300 0.0018666400
0.0352207900 0.0018570700
0.0351381500 0.0018475800
0.0350555100 0.0018381800
0.0349728700 0.0018288500
0.0348902300 0.0018196100
0.0348075900 0.0018104500
0.0347249500 0.0018013700
0.0346423100 0.0017923800
0.0345596600 0.0017834700
0.0344770200 0.0017746400
0.0343943800 0.0017659000
0.0343117400 0.0017572400
0.0342291000 0.0017486400
0.0341464600 0.0017401100
0.0340638200 0.0017316300
0.0339811800 0.0017232100
0.0338985400 0.0017148400
0.0338159000 0.0017065300
0.0337332500 0.0016982700
0.0336506100 0.0016900700
0.0335679700 0.0016819300
0.0334853300 0.0016738500
0.0334026900 0.0016658200
0.0333200500 0.0016578400
0.0332374100 0.0016499200
0.0331547700 0.0016420600
0.0330721300 0.0016342600
0.0329894900 0.0016265100
0.0329068500 0.0016188200
0.0328242000 0.0016111800
0.0327415600 0.0016036000
0.0326589200 0.0015960800
0.0325762800 0.0015886100
0.0324936400 0.0015812000
0.0324110000 0.0015738400
0.0323283600 0.0015665400
0.0322457200 0.0015593000
0.0321630800 0.0015521100
0.0320804400 0.0015449800
0.0319978000 0.0015379000
0.0319151500 0.0015308700
0.0318325100 0.0015238800
0.0317498700 0.0015169500
0.0316672300 0.0015100600
0.0315845900 0.0015032300
0.0315019500 0.0014964500
0.0314193100 0.0014897200
0.0313366700 0.0014830400
0.0312540300 0.0014764100
0.0311713900 0.0014698300
0.0310887400 0.0014633000
0.0310061000 0.0014568300
0.0309234600 0.0014504000
0.0308408200 0.0014440100
0.0307581800 0.0014376900
0.0306755400 0.0014314100
0.0305929000 0.0014251900
0.0305102600 0.0014190100
0.0304276200 0.0014129000
0.0303449800 0.0014068200
0.0302623300 0.0014008000
0.0301796900 0.0013948200
0.0300970500 0.0013889000
0.0300144100 0.0013830300
0.0299317700 0.0013772000
0.0298491300 0.0013714200
0.0297664900 0.0013656900
0.0296838500 0.0013600100
0.0296012100 0.0013543800
0.0295185700 0.0013488000
0.0294359300 0.0013432600
0.0293532800 0.0013377800
0.0292706400 0.0013323400
0.0291880000 0.0013269500
0.0291053600 0.0013216200
0.0290227200 0.0013163200
0.0289400800 0.0013110800
0.0288574400 0.0013058900
0.0287748000 0.0013007500
0.0286921600 0.0012956500
0.0286095200 0.0012906100
0.0285268700 0.0012856100
0.0284442300 0.0012806700
0.0283615900 0.0012757600
0.0282789500 0.0012709100
0.0281963100 0.0012661100
0.0281136700 0.0012613500
0.0280310300 0.0012566500
0.0279483900 0.0012519900
0.0278657500 0.0012473800
0.0277831100 0.0012428200
0.0277004700 0.0012383100
0.0276178200 0.0012338500
0.0275351800 0.0012294400
0.0274525400 0.0012250700
0.0273699000 0.0012207500
0.0272872600 0.0012164800
0.0272046200 0.0012122700
0.0271219800 0.0012081000
0.0270393400 0.0012039800
0.0269567000 0.0011999100
0.0268740600 0.0011959100
0.0267914100 0.0011919400
0.0267087700 0.0011880400
0.0266261300 0.0011842000
0.0265434900 0.0011804000
0.0264608500 0.0011766600
0.0263782100 0.0011729800
0.0262955700 0.0011693500
0.0262129300 0.0011657700
0.0261302900 0.0011622500
0.0260476500 0.0011587800
0.0259650100 0.0011553800
0.0258823600 0.0011520100
0.0257997200 0.0011487100
0.0257170800 0.0011454600
0.0256344400 0.0011422700
0.0255518000 0.0011391300
0.0254691600 0.0011360400
0.0253865200 0.0011330100
0.0253038800 0.0011300200
0.0252212400 0.0011270800
0.0251386000 0.0011241600
0.0250559500 0.0011212800
0.0249733100 0.0011184200
0.0248906700 0.0011155900
0.0248080300 0.0011128000
0.0247253900 0.0011100300
0.0246427500 0.0011073000
0.0245601100 0.0011045900
0.0244774700 0.0011019200
0.0243948300 0.0010992800
0.0243121900 0.0010966600
0.0242295500 0.0010940800
0.0241469000 0.0010915300
0.0240642600 0.0010890100
0.0239816200 0.0010865200
0.0238989800 0.0010840600
0.0238163400 0.0010816300
0.0237337000 0.0010792300
0.0236510600 0.0010768600
0.0235684200 0.0010745300
0.0234857800 0.0010722200
0.0234031400 0.0010699500
0.0233205000 0.0010677000
0.0232378600 0.0010654900
0.0231552100 0.0010633100
0.0230725700 0.0010611600
0.0229899300 0.0010590400
0.0229072900 0.0010569500
0.0228246500 0.0010548900
0.0227420100 0.0010528600
0.0226593700 0.0010508600
0.0225767300 0.0010488900
0.0224940900 0.0010469600
0.0224114500 0.0010450500
0.0223288000 0.0010431700
0.0222461600 0.0010413300
0.0221635200 0.0010395100
0.0220808800 0.0010377300
0.0219982400 0.0010359800
0.0219156000 0.0010342600
0.0218329600 0.0010325700
0.0217503200 0.0010309000
0.0216676800 0.0010292700
0.0215850300 0.0010276500
0.0215023900 0.0010260500
0.0214197600 0.0010244900
0.0213371100 0.0010229300
0.0212544700 0.0010214000
0.0211718300 0.0010198900
0.0210891900 0.0010184000
0.0210065500 0.0010169400
0.0209239100 0.0010154900
0.0208412700 0.0010140700
0.0207586300 0.0010126700
0.0206759900 0.0010112900
0.0205933500 0.0010099300
0.0205107000 0.0010086000
0.0204280600 0.0010072800
0.0203454200 0.0010059900
0.0202627800 0.0010047300
0.0201801400 0.0010034900
0.0200975000 0.0010022800
0.0200148600 0.0010011100
0.0199322200 0.0009999500
0.0198495800 0.0009988100
0.0197669400 0.0009977100
0.0196843000 0.0009966300
0.0196016600 0.0009955900
0.0195190100 0.0009945700
0.0194363700 0.0009935800
0.0193537300 0.0009926200
0.0192710900 0.0009916900
0.0191884500 0.0009907900
0.0191058100 0.0009899100
0.0190231700 0.0009890600
0.0189405300 0.0009882400
0.0188578800 0.0009874400
0.0187752400 0.0009866700
0.0186926000 0.0009859300
0.0186099600 0.0009852100
0.0185273300 0.0009845200
0.0184446900 0.0009838500
0.0183620500 0.0009832100
0.0182794000 0.0009825900
0.0181967600 0.0009820000
0.0181141200 0.0009814400
0.0180314800 0.0009809100
0.0179488400 0.0009804000
0.0178661900 0.0009799100
0.0177835500 0.0009794600
0.0177009100 0.0009790300
0.0176182800 0.0009786200
0.0175356400 0.0009782400
0.0174529900 0.0009778900
0.0173703500 0.0009775700
0.0172877100 0.0009772600
0.0172050600 0.0009769900
0.0171224200 0.0009767400
0.0170397800 0.0009765200
0.0169571500 0.0009763300
0.0168745200 0.0009761600
0.0167918600 0.0009760200
0.0167092200 0.0009759000
0.0166265800 0.0009758100
0.0165440700 0.0009757500
0.0164613000 0.0009757100
0.0163866600 0.0009757000
