  0.0331313820  0.0152939991
  0.0328181784  0.0137041750
  0.0325049748  0.0122921047
  0.0321917711  0.0110578035
  0.0318785675  0.0100012677
  0.0315653639  0.0091224952
  0.0312521603  0.0084214888
  0.0309389567  0.0078906535
  0.0306257531  0.0074271076
  0.0303125495  0.0069854280
  0.0299993459  0.0065621258
  0.0296861423  0.0061564918
  0.0293729387  0.0057685045
  0.0290597351  0.0053981650
  0.0287465314  0.0050454741
  0.0284333278  0.0047104284
  0.0281201242  0.0043930306
  0.0278069206  0.0040932808
  0.0274937170  0.0038111762
  0.0271805134  0.0035467224
  0.0268673098  0.0032999117
  0.0265541062  0.0030701487
  0.0262409026  0.0028537387
  0.0259276990  0.0026500474
  0.0256144954  0.0024590747
  0.0253012917  0.0022808221
  0.0249880881  0.0021152866
  0.0246748845  0.0019624712
  0.0243616809  0.0018223758
  0.0240484773  0.0016949795
  0.0237352737  0.0015782364
  0.0234220701  0.0014707608
  0.0231088665  0.0013712287
  0.0227956629  0.0012784985
  0.0224824593  0.0011925703
  0.0221692556  0.0011134350
  0.0218560520  0.0010408012
  0.0215428484  0.0009732456
  0.0212296448  0.0009105896
  0.0209164412  0.0008526060
  0.0206032376  0.0007990065
  0.0202900340  0.0007497913
  0.0199768304  0.0007049417
  0.0196636268  0.0006638010
  0.0193504232  0.0006260146
  0.0190372196  0.0005915860
  0.0187240159  0.0005605532
  0.0184108123  0.0005327930
  0.0180976087  0.0005079519
  0.0177844051  0.0004851067
  0.0174712015  0.0004638323
  0.0171579979  0.0004440239
  0.0168447943  0.0004255725
  0.0165315907  0.0004076704
  0.0162183871  0.0003901557
  0.0159051835  0.0003730236
  0.0155919799  0.0003562735
  0.0152787762  0.0003399101
  0.0149655726  0.0003239324
  0.0146523690  0.0003083385
  0.0143391654  0.0002931277
  0.0140259618  0.0002783025
  0.0137127582  0.0002638623
  0.0133995546  0.0002498066
  0.0130863510  0.0002361379
  0.0127731474  0.0002228506
  0.0124599438  0.0002099498
  0.0121467402  0.0001974365
  0.0118335365  0.0001853026
  0.0115203329  0.0001735550
  0.0112071293  0.0001621925
  0.0108939257  0.0001512133
  0.0105807221  0.0001406196
  0.0102675185  0.0001304110
  0.0099543149  0.0001205875
  0.0096411113  0.0001111453
  0.0093279077  0.0001020906
  0.0090147041  0.0000934205
  0.0087015005  0.0000851351
  0.0083882968  0.0000772364
  0.0080750932  0.0000697193
  0.0077618896  0.0000625881
  0.0074486860  0.0000558413
  0.0071354824  0.0000494792
  0.0068222788  0.0000435017
  0.0065090752  0.0000379089
  0.0061958716  0.0000327009
  0.0058826680  0.0000278775
  0.0055694644  0.0000234386
  0.0052562608  0.0000193843
  0.0049430571  0.0000157148
  0.0046298535  0.0000124301
  0.0043166499  0.0000095300
  0.0040034463  0.0000070146
  0.0036902427  0.0000048886
  0.0033770391  0.0000031410
  0.0030638355  0.0000017781
  0.0027506319  0.0000008006
  0.0024374283  0.0000002078
  0.0021242247  0.0000000020
