5.4769612700 1162.2677633600
5.4742377100 1160.4257381000
5.4715141500 1158.5855003100
5.4687905900 1156.7470535200
5.4660670300 1154.9103978400
5.4633434700 1153.0755332100
5.4606199100 1151.2424596100
5.4578963500 1149.4111771500
5.4551727900 1147.5816857300
5.4524492300 1145.7539853100
5.4497256700 1143.9280760300
5.4470021100 1142.1039578100
5.4442785500 1140.2816306300
5.4415549900 1138.4610945100
5.4388314300 1136.6423494600
5.4361078700 1134.8253954600
5.4333843100 1133.0102325400
5.4306607500 1131.1968607100
5.4279371900 1129.3852799400
5.4252136300 1127.5754901900
5.4224900700 1125.7674915700
5.4197665200 1123.9612839800
5.4170429600 1122.1568674900
5.4143194000 1120.3542420300
5.4115958400 1118.5534076400
5.4088722800 1116.7543643300
5.4061487200 1114.9571121000
5.4034251600 1113.1616509200
5.4007016000 1111.3679808100
5.3979780400 1109.5761017700
5.3952544800 1107.7860138000
5.3925309200 1105.9977168900
5.3898073600 1104.2112110500
5.3870838000 1102.4264962700
5.3843602400 1100.6435725600
5.3816366800 1098.8624399300
5.3789131200 1097.0830983400
5.3761895600 1095.3055478400
5.3734660000 1093.5297884000
5.3707424400 1091.7558200300
5.3680188800 1089.9836427300
5.3652953200 1088.2132564900
5.3625717600 1086.4446613200
5.3598482000 1084.6778572100
5.3571246400 1082.9128441700
5.3544010800 1081.1496222000
5.3516775200 1079.3881913100
5.3489539600 1077.6285514700
5.3462304000 1075.8707027000
5.3435068500 1074.1146450000
5.3407832900 1072.3603783700
5.3380597300 1070.6079028000
5.3353361700 1068.8572183000
5.3326126100 1067.1083248700
5.3298890500 1065.3612225100
5.3271654900 1063.6159112100
5.3244419300 1061.8723909800
5.3217183700 1060.1306618200
5.3189948100 1058.3907237200
5.3162712500 1056.6525766900
5.3135476900 1054.9162207200
5.3108241300 1053.1816558300
5.3081005700 1051.4488820000
5.3053770100 1049.7178992300
5.3026534500 1047.9887075400
5.2999298900 1046.2613069000
5.2972063300 1044.5356973400
5.2944827700 1042.8118788400
5.2917592100 1041.0898514100
5.2890356500 1039.3696150500
5.2863120900 1037.6511697500
5.2835885300 1035.9345155300
5.2808649700 1034.2196523600
5.2781414100 1032.5065802700
5.2754178500 1030.7952992500
5.2726942900 1029.0858092800
5.2699707400 1027.3781103900
5.2672471800 1025.6722025700
5.2645236200 1023.9680858100
5.2618000600 1022.2657601100
5.2590765000 1020.5652254900
5.2563529400 1018.8664819300
5.2536293800 1017.1695294400
5.2509058200 1015.4743680100
5.2481822600 1013.7809976500
5.2454587000 1012.0894183600
5.2427351400 1010.3996301300
5.2400115800 1008.7116329800
5.2372880200 1007.0254268800
5.2345644600 1005.3410118600
5.2318409000 1003.6583879100
5.2291173400 1001.9775550100
5.2263937800 1000.2985131900
5.2236702200 998.6212624300
5.2209466600 996.9458027400
5.2182231000 995.2721341100
5.2154995400 993.6002565600
5.2127759800 991.9301700600
5.2100524200 990.2618746500
5.2073288600 988.5953702900
5.2046053000 986.9306569900
5.2018817400 985.2677347700
5.1991581800 983.6066036200
5.1964346300 981.9472635300
5.1937110700 980.2897145000
5.1909875100 978.6339565500
5.1882639500 976.9799896600
5.1855403900 975.3278138300
5.1828168300 973.6774290800
5.1800932700 972.0288353900
5.1773697100 970.3820327700
5.1746461500 968.7370212200
5.1719225900 967.0938007300
5.1691990300 965.4523713000
5.1664754700 963.8127329600
5.1637519100 962.1748856600
5.1610283500 960.5388294400
5.1583047900 958.9045642800
5.1555812300 957.2720902000
5.1528576700 955.6414071800
5.1501341100 954.0125152300
5.1474105500 952.3854143400
5.1446869900 950.7601045200
5.1419634300 949.1365857600
5.1392398700 947.5148580800
5.1365163100 945.8949214600
5.1337927500 944.2767759000
5.1310691900 942.6604214100
5.1283456300 941.0458579900
5.1256220700 939.4330856400
5.1228985200 937.8221043600
5.1201749600 936.2129141300
5.1174514000 934.6055149900
5.1147278400 932.9999069000
5.1120042800 931.3960898800
5.1092807200 929.7940639300
5.1065571600 928.1938290400
5.1038336000 926.5953852200
5.1011100400 924.9987324700
5.0983864800 923.4038707900
5.0956629200 921.8108001700
5.0929393600 920.2195206200
5.0902158000 918.6300321300
5.0874922400 917.0423347100
5.0847686800 915.4564283700
5.0820451200 913.8723130800
5.0793215600 912.2899888600
5.0765980000 910.7094557100
5.0738744400 909.1307136300
5.0711508800 907.5537626200
5.0684273200 905.9786026700
5.0657037600 904.4052337800
5.0629802000 902.8336559700
5.0602566400 901.2638692200
5.0575330800 899.6958735400
5.0548095200 898.1296689300
5.0520859600 896.5652553800
5.0493624100 895.0026329000
5.0466388500 893.4418014800
5.0439152900 891.8827611300
5.0411917300 890.3255118500
5.0384681700 888.7700536300
5.0357446100 887.2163864800
5.0330210500 885.6645104000
5.0302974900 884.1144253900
5.0275739300 882.5661314400
5.0248503700 881.0196285600
5.0221268100 879.4749167500
5.0194032500 877.9319960100
5.0166796900 876.3908663300
5.0139561300 874.8515277300
5.0112325700 873.3139801800
5.0085090100 871.7782237100
5.0057854500 870.2442583000
5.0030618900 868.7120839500
5.0003383300 867.1817006800
4.9976147700 865.6531084800
4.9948912100 864.1263073300
4.9921676500 862.6012972600
4.9894440900 861.0780782600
4.9867205300 859.5566503200
4.9839969700 858.0370134500
4.9812734100 856.5191676400
4.9785498500 855.0031128800
4.9758263000 853.4888492100
4.9731027400 851.9763766100
4.9703791800 850.4656950700
4.9676556200 848.9568046000
4.9649320600 847.4497051900
4.9622085000 845.9443968600
4.9594849400 844.4408795900
4.9567613800 842.9391533900
4.9540378200 841.4392182500
4.9513142600 839.9410741800
4.9485907000 838.4447211800
4.9458671400 836.9501592500
4.9431435800 835.4573883800
4.9404200200 833.9664085800
4.9376964600 832.4772198500
4.9349729000 830.9898221800
4.9322493400 829.5042155800
4.9295257800 828.0204000500
4.9268022200 826.5383755800
4.9240786600 825.0581421900
4.9213551000 823.5796998600
4.9186315400 822.1030485900
4.9159079800 820.6281883900
4.9131844200 819.1551192600
4.9104608600 817.6838412000
4.9077373000 816.2143542000
4.9050137400 814.7466582700
4.9022901900 813.2807534100
4.8995666300 811.8166396100
4.8968430700 810.3543168800
4.8941195100 808.8937852200
4.8913959500 807.4350446200
4.8886723900 805.9780950900
4.8859488300 804.5229366300
4.8832252700 803.0695692400
4.8805017100 801.6179929000
4.8777781500 800.1682076400
4.8750545900 798.7202134500
4.8723310300 797.2740103200
4.8696074700 795.8295982600
4.8668839100 794.3869772600
4.8641603500 792.9461473300
4.8614367900 791.5071084700
4.8587132300 790.0698606700
4.8559896700 788.6344039400
4.8532661100 787.2007382800
4.8505425500 785.7688636800
4.8478189900 784.3387801400
4.8450954300 782.9104876700
4.8423718700 781.4839862800
4.8396483100 780.0592759500
4.8369247500 778.6363566800
4.8342011900 777.2152284900
4.8314776300 775.7958913600
4.8287540800 774.3783453000
4.8260305200 772.9625903000
4.8233069600 771.5486263800
4.8205834000 770.1364535200
4.8178598400 768.7260717200
4.8151362800 767.3174809900
4.8124127200 765.9106813300
4.8096891600 764.5056727400
4.8069656000 763.1024552100
4.8042420400 761.7010287500
4.8015184800 760.3013933500
4.7987949200 758.9035490200
4.7960713600 757.5074957600
4.7933478000 756.1132335600
4.7906242400 754.7207624400
4.7879006800 753.3300823700
4.7851771200 751.9411933800
4.7824535600 750.5540954400
4.7797300000 749.1687885900
4.7770064400 747.7852727900
4.7742828800 746.4035480600
4.7715593200 745.0236143900
4.7688357600 743.6454717900
4.7661122000 742.2691202600
4.7633886400 740.8945598000
4.7606650800 739.5217904000
4.7579415200 738.1508120700
4.7552179700 736.7816248000
4.7524944100 735.4142286000
4.7497708500 734.0486234700
4.7470472900 732.6848094000
4.7443237300 731.3227864000
4.7416001700 729.9625544700
4.7388766100 728.6041136000
4.7361530500 727.2474638000
4.7334294900 725.8926050600
4.7307059300 724.5395374000
4.7279823700 723.1882608000
4.7252588100 721.8387752600
4.7225352500 720.4910807900
4.7198116900 719.1451773900
4.7170881300 717.8010650500
4.7143645700 716.4587437800
4.7116410100 715.1182135800
4.7089174500 713.7794744400
4.7061938900 712.4425263700
4.7034703300 711.1073693700
4.7007467700 709.7740034300
4.6980232100 708.4424285600
4.6952996500 707.1126447600
4.6925760900 705.7846520200
4.6898525300 704.4584505800
4.6871289700 703.1340399800
4.6844054100 701.8114204500
4.6816818600 700.4905919800
4.6789583000 699.1715545700
4.6762347400 697.8543082300
4.6735111800 696.5388529600
4.6707876200 695.2251887500
4.6680640600 693.9133156100
4.6653405000 692.6032335300
4.6626169400 691.2949425200
4.6598933800 689.9884425800
4.6571698200 688.6837337000
4.6544462600 687.3808158900
4.6517227000 686.0796891400
4.6489991400 684.7803534700
4.6462755800 683.4828088600
4.6435520200 682.1870553300
4.6408284600 680.8930928600
4.6381049000 679.6009214500
4.6353813400 678.3105411400
4.6326577800 677.0219518800
4.6299342200 675.7351537000
4.6272106600 674.4501465600
4.6244871000 673.1669305000
4.6217635400 671.8855055200
4.6190399800 670.6058716000
4.6163164200 669.3280287500
4.6135928600 668.0519769700
4.6108693000 666.7777162500
4.6081457500 665.5052466000
4.6054221900 664.2345680200
4.6026986300 662.9656805000
4.5999750700 661.6985840500
4.5972515100 660.4332786900
4.5945279500 659.1697643700
4.5918043900 657.9080411200
4.5890808300 656.6481089400
4.5863572700 655.3899678300
4.5836337100 654.1336177800
4.5809101500 652.8790587900
4.5781865900 651.6262908800
4.5754630300 650.3753140300
4.5727394700 649.1261282500
4.5700159100 647.8787335200
4.5672923500 646.6331298700
4.5645687900 645.3893172900
4.5618452300 644.1472957700
4.5591216700 642.9070653300
4.5563981100 641.6686259500
4.5536745500 640.4319776300
4.5509509900 639.1971203800
4.5482274300 637.9640542100
4.5455038700 636.7327790900
4.5427803100 635.5032950500
4.5400567500 634.2756020700
4.5373331900 633.0497001500
4.5346096400 631.8255893100
4.5318860800 630.6032695300
4.5291625200 629.3827408200
4.5264389600 628.1640031700
4.5237154000 626.9470565900
4.5209918400 625.7319010800
4.5182682800 624.5185366400
4.5155447200 623.3069632600
4.5128211600 622.0971809500
4.5100976000 620.8891897100
4.5073740400 619.6829895300
4.5046504800 618.4785804200
4.5019269200 617.2759623700
4.4992033600 616.0751354000
4.4964798000 614.8760994900
4.4937562400 613.6788546500
4.4910326800 612.4834008700
4.4883091200 611.2897381700
4.4855855600 610.0978665200
4.4828620000 608.9077859500
4.4801384400 607.7194964400
4.4774148800 606.5329980000
4.4746913200 605.3482906300
4.4719677600 604.1653743200
4.4692442000 602.9842490800
4.4665206400 601.8049149100
4.4637970800 600.6273718000
4.4610735300 599.4516197600
4.4583499700 598.2776587900
4.4556264100 597.1054888300
4.4529028500 595.9351099900
4.4501792900 594.7665222200
4.4474557300 593.5997255100
4.4447321700 592.4347198700
4.4420086100 591.2715053000
4.4392850500 590.1100817200
4.4365614900 588.9504492800
4.4338379300 587.7926079000
4.4311143700 586.6365576000
4.4283908100 585.4822983700
4.4256672500 584.3298302000
4.4229436900 583.1791531000
4.4202201300 582.0302670600
4.4174965700 580.8831720900
4.4147730100 579.7378681800
4.4120494500 578.5943553500
4.4093258900 577.4526335800
4.4066023300 576.3127028700
4.4038787700 575.1745632400
4.4011552100 574.0382146700
4.3984316500 572.9036571700
4.3957080900 571.7708907300
4.3929845300 570.6399153600
4.3902609700 569.5107310600
4.3875374200 568.3833378200
4.3848138600 567.2577356500
4.3820903000 566.1339245500
4.3793667400 565.0119045200
4.3766431800 563.8916755500
4.3739196200 562.7732376500
4.3711960600 561.6565908100
4.3684725000 560.5417350500
4.3657489400 559.4286703500
4.3630253800 558.3173967100
4.3603018200 557.2079141500
4.3575782600 556.1002226500
4.3548547000 554.9943222100
4.3521311400 553.8902128500
4.3494075800 552.7878945500
4.3466840200 551.6873673200
4.3439604600 550.5886311500
4.3412369000 549.4916860500
4.3385133400 548.3965320200
4.3357897800 547.3031690600
4.3330662200 546.2115971600
4.3303426600 545.1218163300
4.3276191000 544.0338265600
4.3248955400 542.9476278600
4.3221719800 541.8632202300
4.3194484200 540.7806036700
4.3167248600 539.6997781700
4.3140013100 538.6207437400
4.3112777500 537.5435003800
4.3085541900 536.4680480800
4.3058306300 535.3943868500
4.3031070700 534.3225166900
4.3003835100 533.2524375900
4.2976599500 532.1841495600
4.2949363900 531.1176526000
4.2922128300 530.0529467100
4.2894892700 528.9900318800
4.2867657100 527.9289081200
4.2840421500 526.8695754200
4.2813185900 525.8120338000
4.2785950300 524.7562832300
4.2758714700 523.7023237400
4.2731479100 522.6501553100
4.2704243500 521.5997779600
4.2677007900 520.5511916600
4.2649772300 519.5043964400
4.2622536700 518.4593922800
4.2595301100 517.4161791800
4.2568065500 516.3747571500
4.2540829900 515.3351262000
4.2513594300 514.2972863000
4.2486358700 513.2612374800
4.2459123100 512.2269797200
4.2431887500 511.1945130300
4.2404652000 510.1638374000
4.2377416400 509.1349528400
4.2350180800 508.1078593500
4.2322945200 507.0825569300
4.2295709600 506.0590455700
4.2268474000 505.0373252800
4.2241238400 504.0173960600
4.2214002800 502.9992579000
4.2186767200 501.9829108100
4.2159531600 500.9683547900
4.2132296000 499.9555898400
4.2105060400 498.9446159500
4.2077824800 497.9354331300
4.2050589200 496.9280413800
4.2023353600 495.9224406900
4.1996118000 494.9186310600
4.1968882400 493.9166125100
4.1941646800 492.9163850300
4.1914411200 491.9179486100
4.1887175600 490.9213032600
4.1859940000 489.9264489700
4.1832704400 488.9333857600
4.1805468800 487.9421136100
4.1778233200 486.9526325300
4.1750997600 485.9649425100
4.1723762000 484.9790435600
4.1696526400 483.9949356800
4.1669290900 483.0126188700
4.1642055300 482.0320931200
4.1614819700 481.0533584400
4.1587584100 480.0764148200
4.1560348500 479.1012622800
4.1533112900 478.1279008000
4.1505877300 477.1563303900
4.1478641700 476.1865510400
4.1451406100 475.2185627600
4.1424170500 474.2523655400
4.1396934900 473.2879594000
4.1369699300 472.3253443200
4.1342463700 471.3645203100
4.1315228100 470.4054873700
4.1287992500 469.4482454900
4.1260756900 468.4927946900
4.1233521300 467.5391349500
4.1206285700 466.5872662700
4.1179050100 465.6371886600
4.1151814500 464.6889021200
4.1124578900 463.7424066500
4.1097343300 462.7977022400
4.1070107700 461.8547889100
4.1042872100 460.9136666300
4.1015636500 459.9743354300
4.0988400900 459.0367952900
4.0961165300 458.1010462200
4.0933929800 457.1670882200
4.0906694200 456.2349212900
4.0879458600 455.3045454200
4.0852223000 454.3759606200
4.0824987400 453.4491668800
4.0797751800 452.5241642100
4.0770516200 451.6009526200
4.0743280600 450.6795320800
4.0716045000 449.7599026200
4.0688809400 448.8420642200
4.0661573800 447.9260168900
4.0634338200 447.0117606300
4.0607102600 446.0992954300
4.0579867000 445.1886213100
4.0552631400 444.2797382500
4.0525395800 443.3726462500
4.0498160200 442.4673453300
4.0470924600 441.5638354700
4.0443689000 440.6621166800
4.0416453400 439.7621889600
4.0389217800 438.8640523000
4.0361982200 437.9677067100
4.0334746600 437.0731521900
4.0307511000 436.1803887400
4.0280275400 435.2894163600
4.0253039800 434.4002350400
4.0225804200 433.5128447900
4.0198568700 432.6272456100
4.0171333100 431.7434374900
4.0144097500 430.8614204500
4.0116861900 429.9811944700
4.0089626300 429.1027595600
4.0062390700 428.2261157200
4.0035155100 427.3512629400
4.0007919500 426.4782012200
3.9980683900 425.6069286700
3.9953448300 424.7374490600
3.9926212700 423.8697605100
3.9898977100 423.0038630400
3.9871741500 422.1397566200
3.9844505900 421.2774412800
3.9817270300 420.4169170000
3.9790034700 419.5581837900
3.9762799100 418.7012416500
3.9735563500 417.8460905700
3.9708327900 416.9927305600
3.9681092300 416.1411616300
3.9653856700 415.2913837600
3.9626621100 414.4433969600
3.9599385500 413.5972012100
3.9572149900 412.7527965300
3.9544914300 411.9101829300
3.9517678700 411.0693603400
3.9490443100 410.2303288800
3.9463207600 409.3930884800
3.9435972000 408.5576391500
3.9408736400 407.7239808800
3.9381500800 406.8921136900
3.9354265200 406.0620375400
3.9327029600 405.2337524500
3.9299794000 404.4072584300
3.9272558400 403.5825554800
3.9245322800 402.7596436000
3.9218087200 401.9385227900
3.9190851600 401.1191930500
3.9163616000 400.3016543800
3.9136380400 399.4859067800
3.9109144800 398.6719502400
3.9081909200 397.8597847700
3.9054673600 397.0494103700
3.9027438000 396.2408270000
3.9000202400 395.4340347300
3.8972966800 394.6290335300
3.8945731200 393.8258233900
3.8918495600 393.0244043200
3.8891260000 392.2247763200
3.8864024400 391.4269393800
3.8836788800 390.6308935100
3.8809553200 389.8366387100
3.8782317600 389.0441749700
3.8755082000 388.2535023000
3.8727846500 387.4646207000
3.8700610900 386.6775301800
3.8673375300 385.8922307200
3.8646139700 385.1087223100
3.8618904100 384.3270049700
3.8591668500 383.5470787100
3.8564432900 382.7689435000
3.8537197300 381.9925993700
3.8509961700 381.2180463000
3.8482726100 380.4452843000
3.8455490500 379.6743133700
3.8428254900 378.9051335000
3.8401019300 378.1377447100
3.8373783700 377.3721469800
3.8346548100 376.6083403200
3.8319312500 375.8463247200
3.8292076900 375.0861001900
3.8264841300 374.3276667300
3.8237605700 373.5710243300
3.8210370100 372.8161730000
3.8183134500 372.0631127400
3.8155898900 371.3118435400
3.8128663300 370.5623654100
3.8101427700 369.8146783500
3.8074192100 369.0687823500
3.8046956500 368.3246774300
3.8019720900 367.5823635700
3.7992485400 366.8418407700
3.7965249800 366.1031090400
3.7938014200 365.3661683800
3.7910778600 364.6310187900
3.7883543000 363.8976602600
3.7856307400 363.1660927900
3.7829071800 362.4363164000
3.7801836200 361.7083310700
3.7774600600 360.9821368000
3.7747365000 360.2577336000
3.7720129400 359.5351214800
3.7692893800 358.8143003900
3.7665658200 358.0952703900
3.7638422600 357.3780314500
3.7611187000 356.6625835900
3.7583951400 355.9489267800
3.7556715800 355.2370610400
3.7529480200 354.5269863800
3.7502244600 353.8187027700
3.7475009000 353.1122102300
3.7447773400 352.4075087600
3.7420537800 351.7045983600
3.7393302200 351.0034790200
3.7366066600 350.3041507500
3.7338831000 349.6066135400
3.7311595400 348.9108674000
3.7284359800 348.2169123300
3.7257124300 347.5247483200
3.7229888700 346.8343753900
3.7202653100 346.1457935200
3.7175417500 345.4590027600
3.7148181900 344.7740030300
3.7120946300 344.0907943700
3.7093710700 343.4093767800
3.7066475100 342.7297502600
3.7039239500 342.0519148000
3.7012003900 341.3758704100
3.6984768300 340.7016170900
3.6957532700 340.0291548400
3.6930297100 339.3584836500
3.6903061500 338.6896035300
3.6875825900 338.0225144800
3.6848590300 337.3572165000
3.6821354700 336.6937095800
3.6794119100 336.0319937300
3.6766883500 335.3720689500
3.6739647900 334.7139352300
3.6712412300 334.0575926000
3.6685176700 333.4030410300
3.6657941100 332.7502805000
3.6630705500 332.0993110600
3.6603469900 331.4501327000
3.6576234300 330.8027454000
3.6548998700 330.1571491700
3.6521763200 329.5133440000
3.6494527600 328.8713299100
3.6467292000 328.2311068800
3.6440056400 327.5926749200
3.6412820800 326.9560340400
3.6385585200 326.3211842200
3.6358349600 325.6881254600
3.6331114000 325.0568577800
3.6303878400 324.4273811700
3.6276642800 323.7996956200
3.6249407200 323.1738011400
3.6222171600 322.5496977400
3.6194936000 321.9273854000
3.6167700400 321.3068641300
3.6140464800 320.6881339300
3.6113229200 320.0711947900
3.6085993600 319.4560467300
3.6058758000 318.8426897400
3.6031522400 318.2311238200
3.6004286800 317.6213489600
3.5977051200 317.0133651800
3.5949815600 316.4071724600
3.5922580000 315.8027708200
3.5895344400 315.2001602400
3.5868108800 314.5993407400
3.5840873200 314.0003123000
3.5813637600 313.4030749400
3.5786402100 312.8076286400
3.5759166500 312.2139734200
3.5731930900 311.6221092700
3.5704695300 311.0320361900
3.5677459700 310.4437541800
3.5650224100 309.8572632400
3.5622988500 309.2725634100
3.5595752900 308.6896514500
3.5568517300 308.1085336000
3.5541281700 307.5292068200
3.5514046100 306.9516711000
3.5486810500 306.3759264500
3.5459574900 305.8017854100
3.5432339300 305.2283471800
3.5405103700 304.6554942900
3.5377868100 304.0832262200
3.5350632500 303.5115432700
3.5323396900 302.9404453700
3.5296161300 302.3699324000
3.5268925700 301.8000048300
3.5241690100 301.2306619500
3.5214454500 300.6619037500
3.5187218900 300.0937309000
3.5159983300 299.5261430800
3.5132747700 298.9591402800
3.5105512100 298.3927225000
3.5078276500 297.8268897300
3.5051041000 297.2616419700
3.5023805400 296.6969803600
3.4996569800 296.1329023700
3.4969334200 295.5694094500
3.4942098600 295.0065016500
3.4914863000 294.4441789400
3.4887627400 293.8824410600
3.4860391800 293.3212884700
3.4833156200 292.7607220700
3.4805920600 292.2007387100
3.4778685000 291.6413407800
3.4751449400 291.0825282900
3.4724213800 290.5243029900
3.4696978200 289.9666583700
3.4669742600 289.4096009500
3.4642507000 288.8531285500
3.4615271400 288.2972411700
3.4588035800 287.7419388100
3.4560800200 287.1872214700
3.4533564600 286.6330891600
3.4506329000 286.0795418700
3.4479093400 285.5265796000
3.4451857800 284.9742023600
3.4424622200 284.4224101400
3.4397386600 283.8712029400
3.4370151000 283.3205807700
3.4342915400 282.7705436200
3.4315679800 282.2210914900
3.4288444300 281.6722243900
3.4261208700 281.1239423000
3.4233973100 280.5762452500
3.4206737500 280.0291332100
3.4179501900 279.4826061900
3.4152266300 278.9366641900
3.4125030700 278.3913072200
3.4097795100 277.8465352700
3.4070559500 277.3023483400
3.4043323900 276.7587464400
3.4016088300 276.2157295500
3.3988852700 275.6732977000
3.3961617100 275.1314508800
3.3934381500 274.5901890800
3.3907145900 274.0495123000
3.3879910300 273.5094205500
3.3852674700 272.9699138300
3.3825439100 272.4309921300
3.3798203500 271.8926554500
3.3770967900 271.3549038000
3.3743732300 270.8177371600
3.3716496700 270.2811554300
3.3689261100 269.7451588300
3.3662025500 269.2097472300
3.3634789900 268.6749206600
3.3607554300 268.1406791100
3.3580318700 267.6070225800
3.3553083200 267.0739510800
3.3525847600 266.5414645900
3.3498612000 266.0095631300
3.3471376400 265.4782467000
3.3444140800 264.9475152700
3.3416905200 264.4173688800
3.3389669600 263.8878075100
3.3362434000 263.3588311700
3.3335198400 262.8304401200
3.3307962800 262.3026338200
3.3280727200 261.7754125400
3.3253491600 261.2487762900
3.3226256000 260.7227250500
3.3199020400 260.1972588400
3.3171784800 259.6723776400
3.3144549200 259.1480814700
3.3117313600 258.6243703100
3.3090078000 258.1012441600
3.3062842400 257.5787030400
3.3035606800 257.0567469300
3.3008371200 256.5353758500
3.2981135600 256.0145897900
3.2953900000 255.4943887600
3.2926664400 254.9747727400
3.2899428800 254.4557417500
3.2872193200 253.9372957800
3.2844957600 253.4194348300
3.2817722100 252.9021589000
3.2790486500 252.3854680000
3.2763250900 251.8693621100
3.2736015300 251.3538412600
3.2708779700 250.8389054200
3.2681544100 250.3245546100
3.2654308500 249.8107888100
3.2627072900 249.2976080500
3.2599837300 248.7850123000
3.2572601700 248.2730015800
3.2545366100 247.7615758800
3.2518130500 247.2507352000
3.2490894900 246.7404795500
3.2463659300 246.2308089100
3.2436423700 245.7217233000
3.2409188100 245.2132227200
3.2381952500 244.7053071600
3.2354716900 244.1979766200
3.2327481300 243.6912311000
3.2300245700 243.1850706000
3.2273010100 242.6794951300
3.2245774500 242.1745046800
3.2218538900 241.6700992600
3.2191303300 241.1662788600
3.2164067700 240.6630434800
3.2136832100 240.1603931200
3.2109596500 239.6583277800
3.2082361000 239.1568474700
3.2055125400 238.6559521800
3.2027889800 238.1556419100
3.2000654200 237.6559166600
3.1973418600 237.1567764400
3.1946183000 236.6582212400
3.1918947400 236.1602510700
3.1891711800 235.6628659100
3.1864476200 235.1660657800
3.1837240600 234.6698506700
3.1810005000 234.1742205800
3.1782769400 233.6791755200
3.1755533800 233.1847154800
3.1728298200 232.6908404700
3.1701062600 232.1975504700
3.1673827000 231.7048455000
3.1646591400 231.2127255500
3.1619355800 230.7211906200
3.1592120200 230.2302407200
3.1564884600 229.7398758300
3.1537649000 229.2500959200
3.1510413400 228.7609010800
3.1483177800 228.2722912700
3.1455942200 227.7842664800
3.1428706600 227.2968267100
3.1401471000 226.8099719600
3.1374235400 226.3237022400
3.1346999900 225.8380175400
3.1319764300 225.3529178600
3.1292528700 224.8684032000
3.1265293100 224.3844735600
3.1238057500 223.9011289500
3.1210821900 223.4183693800
3.1183586300 222.9361948100
3.1156350700 222.4546052600
3.1129115100 221.9736007300
3.1101879500 221.4931812300
3.1074643900 221.0133477600
3.1047408300 220.5340982400
3.1020172700 220.0554337600
3.0992937100 219.5773542100
3.0965701500 219.0998597000
3.0938465900 218.6229502300
3.0911230300 218.1466257900
3.0883994700 217.6708864000
3.0856759100 217.1957320300
3.0829523500 216.7211627000
3.0802287900 216.2471784000
3.0775052300 215.7737791300
3.0747816700 215.3009649000
3.0720581100 214.8287356800
3.0693345500 214.3570915000
3.0666109900 213.8860323400
3.0638874300 213.4155582100
3.0611638800 212.9456691100
3.0584403200 212.4763650200
3.0557167600 212.0076459500
3.0529932000 211.5395118700
3.0502696400 211.0719637700
3.0475460800 210.6050000200
3.0448225200 210.1386213200
3.0420989600 209.6728268100
3.0393754000 209.2076174600
3.0366518400 208.7429931500
3.0339282800 208.2789543300
3.0312047200 207.8155005200
3.0284811600 207.3526317600
3.0257576000 206.8903483100
3.0230340400 206.4286490600
3.0203104800 205.9675352300
3.0175869200 205.5070066300
3.0148633600 205.0470629000
3.0121398000 204.5877041900
3.0094162400 204.1289305100
3.0066926800 203.6707418500
3.0039691200 203.2131382100
3.0012455600 202.7561196000
2.9985220000 202.2996860100
2.9957984400 201.8438374400
2.9930748800 201.3885738900
2.9903513200 200.9338953700
2.9876277700 200.4798018700
2.9849042100 200.0262933900
2.9821806500 199.5733699300
2.9794570900 199.1210315000
2.9767335300 198.6692780900
2.9740099700 198.2181097000
2.9712864100 197.7675274800
2.9685628500 197.3175290900
2.9658392900 196.8681157200
2.9631157300 196.4192873800
2.9603921700 195.9710440600
2.9576686100 195.5233857700
2.9549450500 195.0763125100
2.9522214900 194.6298247900
2.9494979300 194.1839215900
2.9467743700 193.7386032100
2.9440508100 193.2938698800
2.9413272500 192.8497215900
2.9386036900 192.4061583600
2.9358801300 191.9631801700
2.9331565700 191.5207870300
2.9304330100 191.0789789500
2.9277094500 190.6377559100
2.9249858900 190.1971178900
2.9222623300 189.7570649000
2.9195387700 189.3175969400
2.9168152100 188.8787140000
2.9140916600 188.4404160800
2.9113681000 188.0027032100
2.9086445400 187.5655753600
2.9059209800 187.1290325200
2.9031974200 186.6930747000
2.9004738600 186.2577019200
2.8977503000 185.8229141600
2.8950267400 185.3887114100
2.8923031800 184.9550936900
2.8895796200 184.5220609900
2.8868560600 184.0896133000
2.8841325000 183.6577506300
2.8814089400 183.2264730300
2.8786853800 182.7957802900
2.8759618200 182.3656737800
2.8732382600 181.9361501400
2.8705147000 181.5072126100
2.8677911400 181.0788606100
2.8650675800 180.6510925900
2.8623440200 180.2239105600
2.8596204600 179.7973133400
2.8568969000 179.3713002700
2.8541733400 178.9458734000
2.8514497800 178.5210319000
2.8487262200 178.0967731600
2.8460026600 177.6731009000
2.8432791000 177.2500136500
2.8405555500 176.8275115500
2.8378319900 176.4055950600
2.8351084300 175.9842616600
2.8323848700 175.5635145200
2.8296613100 175.1433526300
2.8269377500 174.7237754500
2.8242141900 174.3047833800
2.8214906300 173.8863762400
2.8187670700 173.4685541300
2.8160435100 173.0513170400
2.8133199500 172.6346649800
2.8105963900 172.2185979300
2.8078728300 171.8031159100
2.8051492700 171.3882189100
2.8024257100 170.9739069400
2.7997021500 170.5601799800
2.7969785900 170.1470380500
2.7942550300 169.7344811400
2.7915314700 169.3225092500
2.7888079100 168.9111223900
2.7860843500 168.5003205400
2.7833607900 168.0901037200
2.7806372300 167.6804719200
2.7779136700 167.2714251400
2.7751901100 166.8629633900
2.7724665500 166.4550866600
2.7697429900 166.0477949500
2.7670194400 165.6410882700
2.7642958800 165.2349666000
2.7615723200 164.8294299600
2.7588487600 164.4244783400
2.7561252000 164.0201117500
2.7534016400 163.6163301700
2.7506780800 163.2131336200
2.7479545200 162.8105220900
2.7452309600 162.4084955900
2.7425074000 162.0070541000
2.7397838400 161.6061976400
2.7370602800 161.2059262000
2.7343367200 160.8062397800
2.7316131600 160.4071383900
2.7288896000 160.0086220200
2.7261660400 159.6106906700
2.7234424800 159.2133443400
2.7207189200 158.8165830400
2.7179953600 158.4204067500
2.7152718000 158.0248154900
2.7125482400 157.6298092500
2.7098246800 157.2353880400
2.7071011200 156.8415518500
2.7043775600 156.4483006700
2.7016540000 156.0556345300
2.6989304400 155.6635534000
2.6962068800 155.2720573000
2.6934833300 154.8811462100
2.6907597700 154.4908201500
2.6880362100 154.1010791200
2.6853126500 153.7119231000
2.6825890900 153.3233521100
2.6798655300 152.9353656300
2.6771419700 152.5479647100
2.6744184100 152.1611487600
2.6716948500 151.7749183700
2.6689712900 151.3892724900
2.6662477300 151.0042116400
2.6635241700 150.6197358000
2.6608006100 150.2358449900
2.6580770500 149.8525392000
2.6553534900 149.4698184400
2.6526299300 149.0876826900
2.6499063700 148.7061319700
2.6471828100 148.3251662700
2.6444592500 147.9447856000
2.6417356900 147.5649899400
2.6390121300 147.1857793000
2.6362885700 146.8071536800
2.6335650100 146.4291130900
2.6308414500 146.0516575100
2.6281178900 145.6747869600
2.6253943300 145.2985014300
2.6226707700 144.9228009200
2.6199472200 144.5476854300
2.6172236600 144.1731549700
2.6145001000 143.7992095300
2.6117765400 143.4258491100
2.6090529800 143.0530738300
2.6063294200 142.6808834600
2.6036058600 142.3092781200
2.6008823000 141.9382578000
2.5981587400 141.5678225000
2.5954351800 141.1979722200
2.5927116200 140.8287069700
2.5899880600 140.4600267300
2.5872645000 140.0919315200
2.5845409400 139.7244213300
2.5818173800 139.3574961700
2.5790938200 138.9911560200
2.5763702600 138.6254009000
2.5736467000 138.2602308100
2.5709231400 137.8956457400
2.5681995800 137.5316456900
2.5654760200 137.1682306600
2.5627524600 136.8054006500
2.5600289000 136.4431556700
2.5573053400 136.0814957200
2.5545817800 135.7204207800
2.5518582200 135.3599307500
2.5491346600 135.0000258500
2.5464111100 134.6407059700
2.5436875500 134.2819711100
2.5409639900 133.9238212800
2.5382404300 133.5662564700
2.5355168700 133.2092767000
2.5327933100 132.8528819400
2.5300697500 132.4970722200
2.5273461900 132.1418475200
2.5246226300 131.7872078400
2.5218990700 131.4331531800
2.5191755100 131.0796835400
2.5164519500 130.7267989200
2.5137283900 130.3744993200
2.5110048300 130.0227847500
2.5082812700 129.6716552000
2.5055577100 129.3211106600
2.5028341500 128.9711511500
2.5001105900 128.6217766600
2.4973870300 128.2729871900
2.4946634700 127.9247829500
2.4919399100 127.5771635300
2.4892163500 127.2301291400
2.4864927900 126.8836797700
2.4837692300 126.5378154300
2.4810456700 126.1925348700
2.4783221100 125.8478416000
2.4755985500 125.5037323200
2.4728750000 125.1602080800
2.4701514400 124.8172688500
2.4674278800 124.4749146300
2.4647043200 124.1331454400
2.4619807600 123.7919612600
2.4592572000 123.4513621100
2.4565336400 123.1113479800
2.4538100800 122.7719176700
2.4510865200 122.4330744700
2.4483629600 122.0948145000
2.4456394000 121.7571404500
2.4429158400 121.4200514200
2.4401922800 121.0835474100
2.4374687200 120.7476284200
2.4347451600 120.4122944600
2.4320216000 120.0775455200
2.4292980400 119.7433816000
2.4265744800 119.4098027100
2.4238509200 119.0768088300
2.4211273600 118.7443999800
2.4184038000 118.4125761500
2.4156802400 118.0813373500
2.4129566800 117.7506835600
2.4102331200 117.4206148000
2.4075095600 117.0911310600
2.4047860000 116.7622323400
2.4020624400 116.4339186500
2.3993388900 116.1061899700
2.3966153300 115.7790463200
2.3938917700 115.4524876900
2.3911682100 115.1265140900
2.3884446500 114.8011255100
2.3857210900 114.4763219400
2.3829975300 114.1521034000
2.3802739700 113.8284698900
2.3775504100 113.5054213900
2.3748268500 113.1829579200
2.3721032900 112.8610794700
2.3693797300 112.5397871000
2.3666561700 112.2190777800
2.3639326100 111.8989552700
2.3612090500 111.5794164500
2.3584854900 111.2604629600
2.3557619300 110.9420945700
2.3530383700 110.6243112300
2.3503148100 110.3071129200
2.3475912500 109.9904996500
2.3448676900 109.6744714000
2.3421441300 109.3590281800
2.3394205700 109.0441699800
2.3366970100 108.7298968100
2.3339734500 108.4162086700
2.3312498900 108.1031055400
2.3285263300 107.7905874400
2.3258027800 107.4786543700
2.3230792200 107.1673062600
2.3203556600 106.8565432300
2.3176321000 106.5463652300
2.3149085400 106.2367722500
2.3121849800 105.9277642900
2.3094614200 105.6193413500
2.3067378600 105.3115034300
2.3040143000 105.0042505400
2.3012907400 104.6975826700
2.2985671800 104.3914998200
2.2958436200 104.0860020000
2.2931200600 103.7810891900
2.2903965000 103.4767614100
2.2876729400 103.1730186500
2.2849493800 102.8698609200
2.2822258200 102.5672882000
2.2795022600 102.2653005100
2.2767787000 101.9638978400
2.2740551400 101.6630802000
2.2713315800 101.3628475700
2.2686080200 101.0631999700
2.2658844600 100.7641373900
2.2631609000 100.4656598300
2.2604373400 100.1677673000
2.2577137800 99.8704597900
2.2549902200 99.5737373000
2.2522666700 99.2775998300
2.2495431100 98.9820473800
2.2468195500 98.6870799600
2.2440959900 98.3926975600
2.2413724300 98.0989001900
2.2386488700 97.8056878300
2.2359253100 97.5130605000
2.2332017500 97.2210182000
2.2304781900 96.9295609200
2.2277546300 96.6386889400
2.2250310700 96.3483997800
2.2223075100 96.0586051400
2.2195839500 95.7692567700
2.2168603900 95.4803542600
2.2141368300 95.1918977800
2.2114132700 94.9038872600
2.2086897100 94.6163227200
2.2059661500 94.3292041400
2.2032425900 94.0425315200
2.2005190300 93.7563048700
2.1977954700 93.4705241700
2.1950719100 93.1851894300
2.1923483500 92.9003006300
2.1896247900 92.6158578100
2.1869012300 92.3318609300
2.1841776700 92.0483100200
2.1814541100 91.7652050600
2.1787305600 91.4825459100
2.1760070000 91.2003328800
2.1732834400 90.9185658000
2.1705598800 90.6372446900
2.1678363200 90.3563695500
2.1651127600 90.0759403600
2.1623892000 89.7959571300
2.1596656400 89.5164198700
2.1569420800 89.2373285800
2.1542185200 88.9586832600
2.1514949600 88.6804839000
2.1487714000 88.4027304900
2.1460478400 88.1254230500
2.1433242800 87.8485615700
2.1406007200 87.5721457000
2.1378771600 87.2961761200
2.1351536000 87.0206525000
2.1324300400 86.7455748400
2.1297064800 86.4709431400
2.1269829200 86.1967574100
2.1242593600 85.9230176500
2.1215358000 85.6497238400
2.1188122400 85.3768760000
2.1160886800 85.1044741200
2.1133651200 84.8325181900
2.1106415600 84.5610082300
2.1079180000 84.2899442200
2.1051944500 84.0193261700
2.1024708900 83.7491540900
2.0997473300 83.4794279600
2.0970237700 83.2101478000
2.0943002100 82.9413135900
2.0915766500 82.6729253500
2.0888530900 82.4049830700
2.0861295300 82.1374867500
2.0834059700 81.8704364000
2.0806824100 81.6038320000
2.0779588500 81.3376735700
2.0752352900 81.0719611000
2.0725117300 80.8066945800
2.0697881700 80.5418740300
2.0670646100 80.2774994400
2.0643410500 80.0135708100
2.0616174900 79.7500881400
2.0588939300 79.4870514300
2.0561703700 79.2244606800
2.0534468100 78.9623158900
2.0507232500 78.7006170600
2.0479996900 78.4393642000
2.0452761300 78.1785572900
2.0425525700 77.9181963500
2.0398290100 77.6582813600
2.0371054500 77.3988123400
2.0343818900 77.1397892800
2.0316583400 76.8812121700
2.0289347800 76.6230810300
2.0262112200 76.3653958600
2.0234876600 76.1081566400
2.0207641000 75.8513634000
2.0180405400 75.5950163100
2.0153169800 75.3391146100
2.0125934200 75.0836597300
2.0098698600 74.8286498300
2.0071463000 74.5740863800
2.0044227400 74.3199688900
2.0016991800 74.0662978400
1.9989756200 73.8130718000
1.9962520600 73.5602921900
1.9935285000 73.3079587500
1.9908049400 73.0560712100
1.9880813800 72.8046291400
1.9853578200 72.5536336800
1.9826342600 72.3030836100
1.9799107000 72.0529799400
1.9771871400 71.8033221600
1.9744635800 71.5541099500
1.9717400200 71.3053440800
1.9690164600 71.0570242100
1.9662929000 70.8091503100
1.9635693400 70.5617222100
1.9608457800 70.3147400700
1.9581222300 70.0682037900
1.9553986700 69.8221134600
1.9526751100 69.5764692200
1.9499515500 69.3312709500
1.9472279900 69.0865190000
1.9445044300 68.8422125300
1.9417808700 68.5983520400
1.9390573100 68.3549377900
1.9363337500 68.1119690400
1.9336101900 67.8694465400
1.9308866300 67.6273703500
1.9281630700 67.3857397000
1.9254395100 67.1445550200
1.9227159500 66.9038162000
1.9199923900 66.6635235200
1.9172688300 66.4236767800
1.9145452700 66.1842760000
1.9118217100 65.9453211900
1.9090981500 65.7068123300
1.9063745900 65.4687494400
1.9036510300 65.2311325100
1.9009274700 64.9939615400
1.8982039100 64.7572365300
1.8954803500 64.5209574900
1.8927567900 64.2851244000
1.8900332300 64.0497372800
1.8873096700 63.8147961200
1.8845861200 63.5803009200
1.8818625600 63.3462516800
1.8791390000 63.1126485900
1.8764154400 62.8794914000
1.8736918800 62.6467797400
1.8709683200 62.4145146000
1.8682447600 62.1826949300
1.8655212000 61.9513214300
1.8627976400 61.7203939200
1.8600740800 61.4899124900
1.8573505200 61.2598767900
1.8546269600 61.0302871700
1.8519034000 60.8011435000
1.8491798400 60.5724458000
1.8464562800 60.3441940500
1.8437327200 60.1163882700
1.8410091600 59.8890284500
1.8382856000 59.6621145900
1.8355620400 59.4356467000
1.8328384800 59.2096247600
1.8301149200 58.9840488700
1.8273913600 58.7589188900
1.8246678000 58.5342347300
1.8219442400 58.3099966500
1.8192206800 58.0862044700
1.8164971200 57.8628583400
1.8137735600 57.6399581300
1.8110500100 57.4175038900
1.8083264500 57.1954956000
1.8056028900 56.9739332800
1.8028793300 56.7528169200
1.8001557700 56.5321465200
1.7974322100 56.3119220800
1.7947086500 56.0921436100
1.7919850900 55.8728110900
1.7892615300 55.6539245300
1.7865379700 55.4354839400
1.7838144100 55.2174893100
1.7810908500 54.9999406400
1.7783672900 54.7828379300
1.7756437300 54.5661811800
1.7729201700 54.3499703900
1.7701966100 54.1342055700
1.7674730500 53.9188867000
1.7647494900 53.7040138000
1.7620259300 53.4895868600
1.7593023700 53.2756058800
1.7565788100 53.0620707400
1.7538552500 52.8489816800
1.7511316900 52.6363385800
1.7484081300 52.4241414400
1.7456845700 52.2123902600
1.7429610100 52.0010850400
1.7402374500 51.7902257800
1.7375139000 51.5798124800
1.7347903400 51.3698451500
1.7320667800 51.1603237800
1.7293432200 50.9512483700
1.7266196600 50.7426189300
1.7238961000 50.5344354500
1.7211725400 50.3266979200
1.7184489800 50.1194063600
1.7157254200 49.9125607600
1.7130018600 49.7061611100
1.7102783000 49.5002074300
1.7075547400 49.2946997100
1.7048311800 49.0896379500
1.7021076200 48.8850221500
1.6993840600 48.6808523100
1.6966605000 48.4771284200
1.6939369400 48.2738505000
1.6912133800 48.0710185400
1.6884898200 47.8686325400
1.6857662600 47.6666925000
1.6830427000 47.4651984300
1.6803191400 47.2641503100
1.6775955800 47.0635481500
1.6748720200 46.8633919600
1.6721484600 46.6636817200
1.6694249000 46.4644174500
1.6667013400 46.2655991400
1.6639777900 46.0672267900
1.6612542300 45.8693004300
1.6585306700 45.6718199900
1.6558071100 45.4747855200
1.6530835500 45.2781969900
1.6503599900 45.0820543700
1.6476364300 44.8863577900
1.6449128700 44.6911071600
1.6421893100 44.4963024800
1.6394657500 44.3019437800
1.6367421900 44.1080310500
1.6340186300 43.9145644300
1.6312950700 43.7215434600
1.6285715100 43.5289686100
1.6258479500 43.3368397200
1.6231243900 43.1451569800
1.6204008300 42.9539200100
1.6176772700 42.7631290000
1.6149537100 42.5727837500
1.6122301500 42.3828850400
1.6095065900 42.1934319200
1.6067830300 42.0044247600
1.6040594700 41.8158631800
1.6013359100 41.6277479300
1.5986123500 41.4400786500
1.5958887900 41.2528556700
1.5931652300 41.0660782900
1.5904416800 40.8797468700
1.5877181200 40.6938614100
1.5849945600 40.5084219200
1.5822710000 40.3234283700
1.5795474400 40.1388805900
1.5768238800 39.9547790000
1.5741003200 39.7711233700
1.5713767600 39.5879137000
1.5686532000 39.4051503300
1.5659296400 39.2228325500
1.5632060800 39.0409607400
1.5604825200 38.8595348900
1.5577589600 38.6785550400
1.5550354000 38.4980209800
1.5523118400 38.3179329500
1.5495882800 38.1382909700
1.5468647200 37.9590949300
1.5441411600 37.7803449500
1.5414176000 37.6020408500
1.5386940400 37.4241827100
1.5359704800 37.2467705200
1.5332469200 37.0698043200
1.5305233600 36.8932840700
1.5277998000 36.7172097800
1.5250762400 36.5415814500
1.5223526800 36.3663990900
1.5196291200 36.1916626700
1.5169055600 36.0173721800
1.5141820100 35.8435276500
1.5114584500 35.6701291300
1.5087348900 35.4971766300
1.5060113300 35.3246700300
1.5032877700 35.1526093600
1.5005642100 34.9809947400
1.4978406500 34.8098259400
1.4951170900 34.6391032000
1.4923935300 34.4688264000
1.4896699700 34.2989955300
1.4869464100 34.1296108000
1.4842228500 33.9606717400
1.4814992900 33.7921789000
1.4787757300 33.6241319100
1.4760521700 33.4565308700
1.4733286100 33.2893757900
1.4706050500 33.1226666900
1.4678814900 32.9564035500
1.4651579300 32.7905863700
1.4624343700 32.6252151500
1.4597108100 32.4602898900
1.4569872500 32.2958105900
1.4542636900 32.1317772600
1.4515401300 31.9681899700
1.4488165700 31.8050483100
1.4460930100 31.6423528500
1.4433694500 31.4801033600
1.4406459000 31.3182998200
1.4379223400 31.1569423500
1.4351987800 30.9960307300
1.4324752200 30.8355650700
1.4297516600 30.6755453700
1.4270281000 30.5159715600
1.4243045400 30.3568437900
1.4215809800 30.1981619900
1.4188574200 30.0399261400
1.4161338600 29.8821362500
1.4134103000 29.7247923200
1.4106867400 29.5678944600
1.4079631800 29.4114424300
1.4052396200 29.2554364000
1.4025160600 29.0998763100
1.3997925000 28.9447621900
1.3970689400 28.7900940200
1.3943453800 28.6358718100
1.3916218200 28.4820955800
1.3888982600 28.3287653000
1.3861747000 28.1758809800
1.3834511400 28.0234426300
1.3807275800 27.8714502300
1.3780040200 27.7199038000
1.3752804600 27.5688033300
1.3725569000 27.4181488200
1.3698333400 27.2679402600
1.3671097900 27.1181776700
1.3643862300 26.9688610500
1.3616626700 26.8199903800
1.3589391100 26.6715656700
1.3562155500 26.5235869300
1.3534919900 26.3760541500
1.3507684300 26.2289673300
1.3480448700 26.0823264700
1.3453213100 25.9361317500
1.3425977500 25.7903826300
1.3398741900 25.6450796700
1.3371506300 25.5002226500
1.3344270700 25.3558115900
1.3317035100 25.2118465000
1.3289799500 25.0683274000
1.3262563900 24.9252542400
1.3235328300 24.7826270600
1.3208092700 24.6404457700
1.3180857100 24.4987104900
1.3153621500 24.3574212100
1.3126385900 24.2165778200
1.3099150300 24.0761804000
1.3071914700 23.9362289900
1.3044679100 23.7967235600
1.3017443500 23.6576639900
1.2990207900 23.5190504100
1.2962972300 23.3808828200
1.2935736800 23.2431612200
1.2908501200 23.1058856000
1.2881265600 22.9690559600
1.2854030000 22.8326722100
1.2826794400 22.6967342100
1.2799558800 22.5612423800
1.2772323200 22.4261965200
1.2745087600 22.2915966300
1.2717852000 22.1574427000
1.2690616400 22.0237347500
1.2663380800 21.8904727900
1.2636145200 21.7576567800
1.2608909600 21.6252864800
1.2581674000 21.4933623400
1.2554438400 21.3618841600
1.2527202800 21.2308519500
1.2499967200 21.1002656900
1.2472731600 20.9701254000
1.2445496000 20.8404310700
1.2418260400 20.7111827000
1.2391024800 20.5823803000
1.2363789200 20.4540238700
1.2336553600 20.3261133300
1.2309318000 20.1986488000
1.2282082400 20.0716302300
1.2254846800 19.9450576400
1.2227611200 19.8189309900
1.2200375700 19.6932504000
1.2173140100 19.5680155600
1.2145904500 19.4432266400
1.2118668900 19.3188765100
1.2091433300 19.1949611300
1.2064197700 19.0714805500
1.2036962100 18.9484347200
1.2009726500 18.8258236900
1.1982490900 18.7036474300
1.1955255300 18.5819059600
1.1928019700 18.4605992600
1.1900784100 18.3397273500
1.1873548500 18.2192902100
1.1846312900 18.0992878600
1.1819077300 17.9797202800
1.1791841700 17.8605874900
1.1764606100 17.7418894800
1.1737370500 17.6236262500
1.1710134900 17.5057978100
1.1682899300 17.3884042000
1.1655663700 17.2714452100
1.1628428100 17.1549211300
1.1601192500 17.0388309300
1.1573956900 16.9231681400
1.1546721300 16.8079311100
1.1519485700 16.6931198400
1.1492250100 16.5787343600
1.1465014600 16.4647746500
1.1437779000 16.3512407300
1.1410543400 16.2381325900
1.1383307800 16.1254502300
1.1356072200 16.0131936500
1.1328836600 15.9013629300
1.1301601000 15.7899579000
1.1274365400 15.6789786600
1.1247129800 15.5684252100
1.1219894200 15.4582975300
1.1192658600 15.3485956400
1.1165423000 15.2393195300
1.1138187400 15.1304692100
1.1110951800 15.0220446600
1.1083716200 14.9140459000
1.1056480600 14.8064729000
1.1029245000 14.6993257100
1.1002009400 14.5926043000
1.0974773800 14.4863086700
1.0947538200 14.3804388200
1.0920302600 14.2749945900
1.0893067000 14.1699762800
1.0865831400 14.0653837600
1.0838595800 13.9612170200
1.0811360200 13.8574760600
1.0784124600 13.7541608700
1.0756889000 13.6512714800
1.0729653500 13.5488078700
1.0702417900 13.4467700300
1.0675182300 13.3451580500
1.0647946700 13.2439716700
1.0620711100 13.1432112500
1.0593475500 13.0428743600
1.0566239900 12.9429563700
1.0539004300 12.8434570100
1.0511768700 12.7443762400
1.0484533100 12.6457140900
1.0457297500 12.5474705600
1.0430061900 12.4496456500
1.0402826300 12.3522393500
1.0375590700 12.2552516700
1.0348355100 12.1586826500
1.0321119500 12.0625321900
1.0293883900 11.9668003600
1.0266648300 11.8714871300
1.0239412700 11.7765925300
1.0212177100 11.6821165500
1.0184941500 11.5880591800
1.0157705900 11.4944204300
1.0130470300 11.4012003000
1.0103234700 11.3083987800
1.0075999100 11.2160158800
1.0048763500 11.1240516000
1.0021527900 11.0325059300
0.9994292400 10.9413788800
0.9967056800 10.8506704500
0.9939821200 10.7603806300
0.9912585600 10.6705094300
0.9885350000 10.5810568400
0.9858114400 10.4920228700
0.9830878800 10.4034075200
0.9803643200 10.3152107800
0.9776407600 10.2274326600
0.9749172000 10.1400731600
0.9721936400 10.0531322700
0.9694700800 9.9666100000
0.9667465200 9.8805063400
0.9640229600 9.7948213000
0.9612994000 9.7095548800
0.9585758400 9.6247070800
0.9558522800 9.5402778900
0.9531287200 9.4562673100
0.9504051600 9.3726753600
0.9476816000 9.2895020200
0.9449580400 9.2067472900
0.9422344800 9.1244111800
0.9395109200 9.0424936900
0.9367873600 8.9609948500
0.9340638000 8.8799145900
0.9313402400 8.7992529500
0.9286166800 8.7190099200
0.9258931300 8.6391855100
0.9231695700 8.5597797200
0.9204460100 8.4807925500
0.9177224500 8.4022239900
0.9149988900 8.3240740400
0.9122753300 8.2463427100
0.9095517700 8.1690300000
0.9068282100 8.0921359000
0.9041046500 8.0156604200
0.9013810900 7.9396035600
0.8986575300 7.8639653200
0.8959339700 7.7887456900
0.8932104100 7.7139446900
0.8904868500 7.6395623000
0.8877632900 7.5655984500
0.8850397300 7.4920532900
0.8823161700 7.4189267400
0.8795926100 7.3462188100
0.8768690500 7.2739294900
0.8741454900 7.2020587900
0.8714219300 7.1306067100
0.8686983700 7.0595732400
0.8659748100 6.9889580300
0.8632512500 6.9187538600
0.8605276900 6.8489578700
0.8578041300 6.7795700800
0.8550805700 6.7105904700
0.8523570200 6.6420190600
0.8496334600 6.5738558400
0.8469099000 6.5061008100
0.8441863400 6.4387539700
0.8414627800 6.3718153300
0.8387392200 6.3052848700
0.8360156600 6.2391626000
0.8332921000 6.1734485300
0.8305685400 6.1081426600
0.8278449800 6.0432449600
0.8251214200 5.9787554500
0.8223978600 5.9146741400
0.8196743000 5.8510010300
0.8169507400 5.7877361000
0.8142271800 5.7248793600
0.8115036200 5.6624308100
0.8087800600 5.6003904600
0.8060565000 5.5387583000
0.8033329400 5.4775343400
0.8006093800 5.4167185800
0.7978858200 5.3563109500
0.7951622600 5.2963132500
0.7924387000 5.2367359900
0.7897151400 5.1775810200
0.7869915800 5.1188483400
0.7842680200 5.0605379400
0.7815444600 5.0026498100
0.7788209100 4.9451840000
0.7760973500 4.8881404000
0.7733737900 4.8315191400
0.7706502300 4.7753201300
0.7679266700 4.7195434100
0.7652031100 4.6641889800
0.7624795500 4.6092568300
0.7597559900 4.5547469600
0.7570324300 4.5006593700
0.7543088700 4.4469940600
0.7515853100 4.3937510400
0.7488617500 4.3409303000
0.7461381900 4.2885318400
0.7434146300 4.2365556700
0.7406910700 4.1850017900
0.7379675100 4.1338701800
0.7352439500 4.0831608200
0.7325203900 4.0328702700
0.7297968300 3.9829767600
0.7270732700 3.9334765300
0.7243497100 3.8843695700
0.7216261500 3.8356558800
0.7189025900 3.7873354700
0.7161790300 3.7394083400
0.7134554700 3.6918744700
0.7107319100 3.6447338700
0.7080083500 3.5979865500
0.7052848000 3.5516325100
0.7025612400 3.5056717400
0.6998376800 3.4601042400
0.6971141200 3.4149300400
0.6943905600 3.3701472100
0.6916670000 3.3257323800
0.6889434400 3.2816783600
0.6862198800 3.2379851500
0.6834963200 3.1946527600
0.6807727600 3.1516811900
0.6780492000 3.1090704400
0.6753256400 3.0668205100
0.6726020800 3.0249313800
0.6698785200 2.9834030900
0.6671549600 2.9422355800
0.6644314000 2.9014289100
0.6617078400 2.8609830500
0.6589842800 2.8208980200
0.6562607200 2.7811738000
0.6535371600 2.7418102300
0.6508136000 2.7027998600
0.6480900400 2.6641387600
0.6453664800 2.6258269200
0.6426429200 2.5878643300
0.6399193600 2.5502510000
0.6371958000 2.5129869400
0.6344722400 2.4760721400
0.6317486900 2.4395065900
0.6290251300 2.4032903000
0.6263015700 2.3674232700
0.6235780100 2.3319055000
0.6208544500 2.2967369900
0.6181308900 2.2619177400
0.6154073300 2.2274477500
0.6126837700 2.1933270200
0.6099602100 2.1595555500
0.6072366500 2.1261333400
0.6045130900 2.0930603800
0.6017895300 2.0603366900
0.5990659700 2.0279622600
0.5963424100 1.9959370900
0.5936188500 1.9642493100
0.5908952900 1.9328827800
0.5881717300 1.9018374000
0.5854481700 1.8711131600
0.5827246100 1.8407100600
0.5800010500 1.8106312100
0.5772774900 1.7808941900
0.5745539300 1.7515017700
0.5718303700 1.7224539600
0.5691068100 1.6937507600
0.5663832500 1.6653921700
0.5636596900 1.6373781900
0.5609361300 1.6097088100
0.5582125800 1.5823804100
0.5554890200 1.5553668300
0.5527654600 1.5286628700
0.5500419000 1.5022685400
0.5473183400 1.4761838200
0.5445947800 1.4504087300
0.5418712200 1.4249432700
0.5391476600 1.3997874200
0.5364241000 1.3749412000
0.5337005400 1.3504046000
0.5309769800 1.3261776300
0.5282534200 1.3022602800
0.5255298600 1.2786525500
0.5228063000 1.2553544400
0.5200827400 1.2323659600
0.5173591800 1.2096870900
0.5146356200 1.1873178600
0.5119120600 1.1652582400
0.5091885000 1.1435082500
0.5064649400 1.1220677100
0.5037413800 1.1009223800
0.5010178200 1.0800632100
0.4982942600 1.0594902000
0.4955707000 1.0392033600
0.4928471400 1.0192026800
0.4901235800 0.9994877900
0.4874000200 0.9800430900
0.4846764700 0.9608603900
0.4819529100 0.9419396700
0.4792293500 0.9232809300
0.4765057900 0.9048841900
0.4737822300 0.8867494400
0.4710586700 0.8688766700
0.4683351100 0.8512658900
0.4656115500 0.8339171000
0.4628879900 0.8168303000
0.4601644300 0.8000054800
0.4574408700 0.7834409900
0.4547173100 0.7671270300
0.4519937500 0.7510619800
0.4492701900 0.7352458800
0.4465466300 0.7196787200
0.4438230700 0.7043604800
0.4410995100 0.6892911600
0.4383759500 0.6744684000
0.4356523900 0.6598905700
0.4329288300 0.6455576800
0.4302052700 0.6314697200
0.4274817100 0.6176253800
0.4247581500 0.6040070200
0.4220345900 0.5906090500
0.4193110300 0.5774314700
0.4165874700 0.5644742700
0.4138639100 0.5517374700
0.4111403600 0.5392210500
0.4084168000 0.5269250200
0.4056932400 0.5148493900
0.4029696800 0.5029941200
0.4002461200 0.4913592600
0.3975225600 0.4799447800
0.3947990000 0.4687507000
0.3920754400 0.4577770000
0.3893518800 0.4470213700
0.3866283200 0.4364560500
0.3839047600 0.4260647200
0.3811812000 0.4158456600
0.3784576400 0.4057988700
0.3757340800 0.3959242500
0.3730105200 0.3862165600
0.3702869600 0.3766729000
0.3675634000 0.3672932600
0.3648398400 0.3580776500
0.3621162800 0.3490260700
0.3593927200 0.3401378200
0.3566691600 0.3314098600
0.3539456000 0.3228418500
0.3512220400 0.3144337900
0.3484984800 0.3061857700
0.3457749200 0.2980979400
0.3430513600 0.2901703100
0.3403278000 0.2824028800
0.3376042500 0.2747956400
0.3348806900 0.2673427500
0.3321571300 0.2600394100
0.3294335700 0.2528856100
0.3267100100 0.2458813300
0.3239864500 0.2390266000
0.3212628900 0.2323214100
0.3185393300 0.2257657600
0.3158157700 0.2193595100
0.3130922100 0.2130982200
0.3103686500 0.2069796900
0.3076450900 0.2009964100
0.3049215300 0.1951433600
0.3021979700 0.1894205200
0.2994744100 0.1838279100
0.2967508500 0.1783655300
0.2940272900 0.1730333600
0.2913037300 0.1678314200
0.2885801700 0.1627597100
0.2858566100 0.1578182100
0.2831330500 0.1530069400
0.2804094900 0.1483259000
0.2776859300 0.1437719900
0.2749623700 0.1393230100
0.2722388100 0.1349745600
0.2695152500 0.1307266100
0.2667916900 0.1265786800
0.2640681400 0.1225296700
0.2613445800 0.1185805500
0.2586210200 0.1147321100
0.2558974600 0.1109843500
0.2531739000 0.1073372700
0.2504503400 0.1037907500
0.2477267800 0.1003421800
0.2450032200 0.0969865000
0.2422796600 0.0937082900
0.2395561000 0.0905046700
0.2368325400 0.0873756500
0.2341089800 0.0843205500
0.2313854200 0.0813348900
0.2286618600 0.0784177500
0.2259383000 0.0755682300
0.2232147400 0.0727850400
0.2204911800 0.0700679400
0.2177676200 0.0674169200
0.2150440600 0.0648319900
0.2123205000 0.0623119000
0.2095969400 0.0598542900
0.2068733800 0.0574590600
0.2041498200 0.0551262300
0.2014262600 0.0528558100
0.1987027000 0.0506477800
0.1959791400 0.0485021900
0.1932555800 0.0464193900
0.1905320300 0.0444008400
0.1878084700 0.0424484700
0.1850849100 0.0405572900
0.1823613500 0.0387192300
0.1796377900 0.0369336400
0.1769142300 0.0352000200
0.1741906700 0.0335183600
0.1714671100 0.0318886500
0.1687435500 0.0303104400
0.1660199900 0.0287835900
0.1632964300 0.0273080600
0.1605728700 0.0258823700
0.1578493100 0.0245056600
0.1551257500 0.0231765600
0.1524021900 0.0218939200
0.1496786300 0.0206565000
0.1469550700 0.0194642200
0.1442315100 0.0183165000
0.1415079500 0.0172112000
0.1387843900 0.0161475900
0.1360608300 0.0151253300
0.1333372700 0.0141439300
0.1306137100 0.0132033900
0.1278901500 0.0123037000
0.1251665900 0.0114448700
0.1224430400 0.0106268900
0.1197194700 0.0098497700
0.1169959200 0.0091135100
0.1142723600 0.0084177700
0.1115488000 0.0077584800
0.1088252400 0.0071325300
0.1061016800 0.0065396100
0.1033781200 0.0059805800
0.1006545600 0.0054555800
0.0979310000 0.0049645800
0.0952074400 0.0045074100
0.0924838800 0.0040832900
0.0897603200 0.0036912100
0.0870367600 0.0033308000
0.0843132000 0.0030049300
0.0815896400 0.0027109200
0.0788660800 0.0024420800
0.0761425200 0.0021951300
0.0734189600 0.0019666300
0.0706954000 0.0017568500
0.0679718400 0.0015675000
0.0652482800 0.0013982100
0.0625247200 0.0012472200
0.0598011600 0.0011110000
0.0570776000 0.0009877900
0.0543540400 0.0008769800
0.0516304800 0.0007793100
0.0489069200 0.0006948000
0.0461833700 0.0006231100
0.0434598100 0.0005630800
0.0407362500 0.0005136900
0.0380126900 0.0004743800
0.0352891300 0.0004478800
0.0325655700 0.0004335800
0.0298617200 0.0004293300
