0.3336991275157219 9.286631636287488 
0.3303512862769355 8.688972333925008 
0.3270034450381491 8.114036181036608 
0.3236556037993627 7.561823170617867 
0.3203077625605763 7.032333311680682 
0.3169599213217899 6.525566597704778 
0.3136120800830035 6.041523033828643 
0.3102642388442171 5.580202629963466 
0.3069163976054307 5.141605342575897 
0.3035685563666443 4.725731238309346 
0.3002207151278579 4.332580245018784 
0.2968728738890715 3.962152424480992 
0.2935250326502851 3.614447749394814 
0.2901771914114987 3.289466212719188 
0.2868293501727123 2.9872078301822 
0.2834815089339259 2.707672599154311 
0.2801336676951395 2.450860484203293 
0.2767858264563531 2.216771540339223 
0.2734379852175667 2.005405744123817 
0.2700901439787803 1.816763095387071 
0.2667423027399939 1.650843594451656 
0.2633944615012075 1.507017675480125 
0.2600466202624211 1.3749182020273 
0.2566987790236347 1.250594519084065 
0.2533509377848484 1.133618365763949 
0.250003096546062 1.023894850229138 
0.2466552553072756 0.9214239664236912 
0.2433074140684892 0.8262057185496495 
0.2399595728297028 0.738240106302007 
0.2366117315909164 0.6575271291817159 
0.23326389035213 0.5840667878299102 
0.2299160491133436 0.5178590803151619 
0.2265682078745572 0.4589040091406301 
0.2232203666357708 0.4072015741323502 
0.2198725253969844 0.3616223360246367 
0.216524684158198 0.320234025424895 
0.2131768429194116 0.2830038305278753 
0.2098290016806252 0.2499317452377255 
0.2064811604418388 0.2210177746247727 
0.2031333192030524 0.1962619210917408 
0.199785477964266 0.1756641747561568 
0.1964376367254796 0.158956886216819 
0.1930897954866932 0.1445678344613235 
0.1897419542479068 0.1318459118199475 
0.1863941130091204 0.120343661984566 
0.183046271770334 0.1100606505116942 
0.1796984305315476 0.1008449490996574 
0.1763505892927612 0.09225680748828836 
0.1730027480539748 0.08423125976355132 
0.1696549068151884 0.07675059998348975 
0.166307065576402 0.06980644824276296 
0.1629592243376156 0.0633597482572171 
0.1596113830988292 0.0574055602609421 
0.1562635418600428 0.0519289155921617 
0.1529157006212564 0.04685478605267282 
0.14956785938247 0.04216637450138744 
0.1462200181436836 0.03782026597350965 
0.1428721769048972 0.03379471437919025 
0.1395243356661108 0.03008745386424125 
0.1361764944273244 0.0266924524222491 
0.132828653188538 0.02360329953206703 
0.1294808119497516 0.02080600666448965 
0.1261329707109652 0.01826037652339644 
0.1227851294721789 0.01594233753045736 
0.1194372882333925 0.01384780255049425 
0.1160894469946061 0.01196216605159015 
0.1127416057558197 0.01027478476803602 
0.1093937645170333 0.008780929681759055 
0.1060459232782469 0.007466375089505437 
0.1026980820394606 0.006309464893352388 
0.09935024080067417 0.005301995477630099 
0.09600239956188779 0.004422961312477389 
0.0926545583231014 0.003668007532671185 
0.08930671708431502 0.003031707380164332 
0.08595887584552864 0.002494724846032762 
0.08261103460674225 0.002038936829696673 
0.07926319336795587 0.001648460113888229 
0.07591535212916949 0.001318480854850964 
0.0725675108903831 0.001044375247069465 
0.06921966965159672 0.0008161531998843139 
0.06587182841281033 0.0006315917662359824 
0.06252398717402395 0.0004893743484998475 
0.05917614593523757 0.0003774221109470886 
0.05582830469645118 0.0002873518627907193 
0.0524804634576648 0.0002162472059346974 
0.04913262221887842 0.0001593420765639889 
0.04578478098009203 0.0001144497061015245 
0.04243693974130565 7.911167005351966e-05 
0.03908909850251926 5.13309384775479e-05 
0.03574125726373288 3.056126945781773e-05 
0.0323934160249465 1.661973098879741e-05 
0.02904557478616011 7.992149008208672e-06 
0.02569773354737373 3.584488623792767e-06 
0.02234989230858735 1.851872188701716e-06 
0.01900205106980096 1.234589024504149e-06 
0.01565420983101458 7.981196329507878e-07 
0.0123063685922282 4.510547949215978e-07 
0.008958527353441811 2.0272438797593e-07 
0.005610686114655428 5.424599103214297e-08 
0.002262844875869044 4.539868724214491e-09 
 