0.0565789600 0.0376359000
0.0565554000 0.0375616100
0.0565318400 0.0374874300
0.0565082900 0.0374133300
0.0564847300 0.0373393500
0.0564611700 0.0372654800
0.0564376100 0.0371917000
0.0564140500 0.0371180400
0.0563904900 0.0370444700
0.0563669300 0.0369710100
0.0563433800 0.0368976600
0.0563198200 0.0368244100
0.0562962600 0.0367512700
0.0562727000 0.0366782200
0.0562491400 0.0366052800
0.0562255800 0.0365324500
0.0562020200 0.0364597200
0.0561784600 0.0363871000
0.0561549100 0.0363145800
0.0561313500 0.0362421600
0.0561077900 0.0361698500
0.0560842300 0.0360976400
0.0560606700 0.0360255400
0.0560371100 0.0359535400
0.0560135500 0.0358816400
0.0559899900 0.0358098500
0.0559664400 0.0357381700
0.0559428800 0.0356665800
0.0559193200 0.0355951100
0.0558957600 0.0355237300
0.0558722000 0.0354524600
0.0558486400 0.0353813000
0.0558250800 0.0353102400
0.0558015200 0.0352392800
0.0557779700 0.0351684300
0.0557544100 0.0350976800
0.0557308500 0.0350270400
0.0557072900 0.0349565000
0.0556837300 0.0348860700
0.0556601700 0.0348157400
0.0556366100 0.0347455100
0.0556130600 0.0346753900
0.0555895000 0.0346053700
0.0555659400 0.0345354600
0.0555423800 0.0344656500
0.0555188200 0.0343959400
0.0554952600 0.0343263400
0.0554717000 0.0342568500
0.0554481400 0.0341874500
0.0554245900 0.0341181700
0.0554010300 0.0340489800
0.0553774700 0.0339799000
0.0553539100 0.0339109300
0.0553303500 0.0338420600
0.0553067900 0.0337732900
0.0552832300 0.0337046300
0.0552596700 0.0336360700
0.0552361200 0.0335676200
0.0552125600 0.0334992700
0.0551890000 0.0334310300
0.0551654400 0.0333628900
0.0551418800 0.0332948500
0.0551183200 0.0332269200
0.0550947600 0.0331590900
0.0550712100 0.0330913700
0.0550476500 0.0330237500
0.0550240900 0.0329562300
0.0550005300 0.0328888200
0.0549769700 0.0328215200
0.0549534100 0.0327543100
0.0549298500 0.0326872200
0.0549062900 0.0326202200
0.0548827400 0.0325533300
0.0548591800 0.0324865500
0.0548356200 0.0324198700
0.0548120600 0.0323532900
0.0547885000 0.0322868200
0.0547649400 0.0322204500
0.0547413800 0.0321541900
0.0547178200 0.0320880300
0.0546942700 0.0320219800
0.0546707100 0.0319560300
0.0546471500 0.0318901800
0.0546235900 0.0318244400
0.0546000300 0.0317588000
0.0545764700 0.0316932700
0.0545529100 0.0316278400
0.0545293500 0.0315625100
0.0545058000 0.0314972900
0.0544822400 0.0314321800
0.0544586800 0.0313671700
0.0544351200 0.0313022600
0.0544115600 0.0312374600
0.0543880000 0.0311727600
0.0543644400 0.0311081600
0.0543408900 0.0310436700
0.0543173300 0.0309792800
0.0542937700 0.0309150000
0.0542702100 0.0308508300
0.0542466500 0.0307867500
0.0542230900 0.0307227800
0.0541995300 0.0306589200
0.0541759700 0.0305951600
0.0541524200 0.0305315000
0.0541288600 0.0304679500
0.0541053000 0.0304045000
0.0540817400 0.0303411600
0.0540581800 0.0302779200
0.0540346200 0.0302147900
0.0540110600 0.0301517600
0.0539875000 0.0300888300
0.0539639500 0.0300260100
0.0539403900 0.0299632900
0.0539168300 0.0299006800
0.0538932700 0.0298381700
0.0538697100 0.0297757600
0.0538461500 0.0297134600
0.0538225900 0.0296512700
0.0537990300 0.0295891800
0.0537754800 0.0295271900
0.0537519200 0.0294653100
0.0537283600 0.0294035300
0.0537048000 0.0293418500
0.0536812400 0.0292802800
0.0536576800 0.0292188200
0.0536341200 0.0291574500
0.0536105700 0.0290962000
0.0535870100 0.0290350400
0.0535634500 0.0289739900
0.0535398900 0.0289130500
0.0535163300 0.0288522100
0.0534927700 0.0287914700
0.0534692100 0.0287308400
0.0534456500 0.0286703100
0.0534221000 0.0286098900
0.0533985400 0.0285495700
0.0533749800 0.0284893600
0.0533514200 0.0284292500
0.0533278600 0.0283692400
0.0533043000 0.0283093400
0.0532807400 0.0282495400
0.0532571800 0.0281898500
0.0532336300 0.0281302600
0.0532100700 0.0280707800
0.0531865100 0.0280113900
0.0531629500 0.0279521200
0.0531393900 0.0278929500
0.0531158300 0.0278338800
0.0530922700 0.0277749200
0.0530687200 0.0277160600
0.0530451600 0.0276573000
0.0530216000 0.0275986500
0.0529980400 0.0275401100
0.0529744800 0.0274816700
0.0529509200 0.0274233300
0.0529273600 0.0273650900
0.0529038000 0.0273069700
0.0528802500 0.0272489400
0.0528566900 0.0271910200
0.0528331300 0.0271332100
0.0528095700 0.0270754900
0.0527860100 0.0270178900
0.0527624500 0.0269603800
0.0527388900 0.0269029800
0.0527153300 0.0268456900
0.0526917800 0.0267885000
0.0526682200 0.0267314100
0.0526446600 0.0266744300
0.0526211000 0.0266175500
0.0525975400 0.0265607800
0.0525739800 0.0265041100
0.0525504200 0.0264475500
0.0525268600 0.0263910900
0.0525033100 0.0263347300
0.0524797500 0.0262784800
0.0524561900 0.0262223300
0.0524326300 0.0261662900
0.0524090700 0.0261103500
0.0523855100 0.0260545200
0.0523619500 0.0259987900
0.0523384000 0.0259431600
0.0523148400 0.0258876400
0.0522912800 0.0258322200
0.0522677200 0.0257769100
0.0522441600 0.0257217000
0.0522206000 0.0256665900
0.0521970400 0.0256115900
0.0521734800 0.0255566800
0.0521499300 0.0255018600
0.0521263700 0.0254471200
0.0521028100 0.0253924700
0.0520792500 0.0253379100
0.0520556900 0.0252834300
0.0520321300 0.0252290300
0.0520085700 0.0251747200
0.0519850100 0.0251204900
0.0519614600 0.0250663500
0.0519379000 0.0250123000
0.0519143400 0.0249583300
0.0518907800 0.0249044400
0.0518672200 0.0248506400
0.0518436600 0.0247969300
0.0518201000 0.0247433000
0.0517965500 0.0246897500
0.0517729900 0.0246362900
0.0517494300 0.0245829200
0.0517258700 0.0245296300
0.0517023100 0.0244764200
0.0516787500 0.0244233000
0.0516551900 0.0243702700
0.0516316300 0.0243173200
0.0516080800 0.0242644600
0.0515845200 0.0242116800
0.0515609600 0.0241589800
0.0515374000 0.0241063700
0.0515138400 0.0240538500
0.0514902800 0.0240014100
0.0514667200 0.0239490600
0.0514431600 0.0238967900
0.0514196100 0.0238446100
0.0513960500 0.0237925100
0.0513724900 0.0237404900
0.0513489300 0.0236885700
0.0513253700 0.0236367200
0.0513018100 0.0235849700
0.0512782500 0.0235332900
0.0512546900 0.0234817100
0.0512311400 0.0234302000
0.0512075800 0.0233787900
0.0511840200 0.0233274500
0.0511604600 0.0232762100
0.0511369000 0.0232250500
0.0511133400 0.0231739700
0.0510897800 0.0231229800
0.0510662300 0.0230720700
0.0510426700 0.0230212500
0.0510191100 0.0229705200
0.0509955500 0.0229198600
0.0509719900 0.0228693000
0.0509484300 0.0228188200
0.0509248700 0.0227684200
0.0509013100 0.0227181100
0.0508777600 0.0226678800
0.0508542000 0.0226177400
0.0508306400 0.0225676900
0.0508070800 0.0225177100
0.0507835200 0.0224678300
0.0507599600 0.0224180300
0.0507364000 0.0223683100
0.0507128400 0.0223186800
0.0506892900 0.0222691400
0.0506657300 0.0222196800
0.0506421700 0.0221703000
0.0506186100 0.0221210100
0.0505950500 0.0220718100
0.0505714900 0.0220226900
0.0505479300 0.0219736500
0.0505243700 0.0219247100
0.0505008200 0.0218758400
0.0504772600 0.0218270600
0.0504537000 0.0217783700
0.0504301400 0.0217297600
0.0504065800 0.0216812300
0.0503830200 0.0216328000
0.0503594600 0.0215844400
0.0503359100 0.0215361700
0.0503123500 0.0214879900
0.0502887900 0.0214398900
0.0502652300 0.0213918800
0.0502416700 0.0213439500
0.0502181100 0.0212961100
0.0501945500 0.0212483500
0.0501709900 0.0212006800
0.0501474400 0.0211530900
0.0501238800 0.0211055900
0.0501003200 0.0210581700
0.0500767600 0.0210108400
0.0500532000 0.0209635900
0.0500296400 0.0209164300
0.0500060800 0.0208693500
0.0499825200 0.0208223600
0.0499589700 0.0207754500
0.0499354100 0.0207286300
0.0499118500 0.0206818900
0.0498882900 0.0206352400
0.0498647300 0.0205886700
0.0498411700 0.0205421900
0.0498176100 0.0204958000
0.0497940600 0.0204494900
0.0497705000 0.0204032600
0.0497469400 0.0203571200
0.0497233800 0.0203110600
0.0496998200 0.0202650900
0.0496762600 0.0202192100
0.0496527000 0.0201734100
0.0496291400 0.0201276900
0.0496055900 0.0200820600
0.0495820300 0.0200365200
0.0495584700 0.0199910600
0.0495349100 0.0199456800
0.0495113500 0.0199003900
0.0494877900 0.0198551900
0.0494642300 0.0198100700
0.0494406700 0.0197650300
0.0494171200 0.0197200800
0.0493935600 0.0196752200
0.0493700000 0.0196304400
0.0493464400 0.0195857500
0.0493228800 0.0195411400
0.0492993200 0.0194966100
0.0492757600 0.0194521800
0.0492522000 0.0194078200
0.0492286500 0.0193635500
0.0492050900 0.0193193700
0.0491815300 0.0192752700
0.0491579700 0.0192312600
0.0491344100 0.0191873300
0.0491108500 0.0191434900
0.0490872900 0.0190997300
0.0490637400 0.0190560600
0.0490401800 0.0190124700
0.0490166200 0.0189689700
0.0489930600 0.0189255500
0.0489695000 0.0188822200
0.0489459400 0.0188389700
0.0489223800 0.0187958100
0.0488988200 0.0187527300
0.0488752700 0.0187097400
0.0488517100 0.0186668300
0.0488281500 0.0186240100
0.0488045900 0.0185812700
0.0487810300 0.0185386200
0.0487574700 0.0184960600
0.0487339100 0.0184535700
0.0487103500 0.0184111800
0.0486868000 0.0183688700
0.0486632400 0.0183266400
0.0486396800 0.0182845000
0.0486161200 0.0182424500
0.0485925600 0.0182004700
0.0485690000 0.0181585900
0.0485454400 0.0181167900
0.0485218900 0.0180750700
0.0484983300 0.0180334400
0.0484747700 0.0179919000
0.0484512100 0.0179504300
0.0484276500 0.0179090600
0.0484040900 0.0178677700
0.0483805300 0.0178265600
0.0483569700 0.0177854400
0.0483334200 0.0177444100
0.0483098600 0.0177034600
0.0482863000 0.0176625900
0.0482627400 0.0176218100
0.0482391800 0.0175811200
0.0482156200 0.0175405100
0.0481920600 0.0174999900
0.0481685000 0.0174595500
0.0481449500 0.0174191900
0.0481213900 0.0173789300
0.0480978300 0.0173387400
0.0480742700 0.0172986400
0.0480507100 0.0172586300
0.0480271500 0.0172187000
0.0480035900 0.0171788600
0.0479800300 0.0171391000
0.0479564800 0.0170994300
0.0479329200 0.0170598400
0.0479093600 0.0170203400
0.0478858000 0.0169809200
0.0478622400 0.0169415900
0.0478386800 0.0169023400
0.0478151200 0.0168631800
0.0477915700 0.0168241000
0.0477680100 0.0167851100
0.0477444500 0.0167462000
0.0477208900 0.0167073800
0.0476973300 0.0166686400
0.0476737700 0.0166299900
0.0476502100 0.0165914200
0.0476266500 0.0165529400
0.0476031000 0.0165145500
0.0475795400 0.0164762300
0.0475559800 0.0164380100
0.0475324200 0.0163998700
0.0475088600 0.0163618100
0.0474853000 0.0163238400
0.0474617400 0.0162859500
0.0474381800 0.0162481500
0.0474146300 0.0162104400
0.0473910700 0.0161728100
0.0473675100 0.0161352600
0.0473439500 0.0160978000
0.0473203900 0.0160604300
0.0472968300 0.0160231400
0.0472732700 0.0159859300
0.0472497200 0.0159488100
0.0472261600 0.0159117800
0.0472026000 0.0158748300
0.0471790400 0.0158379600
0.0471554800 0.0158011800
0.0471319200 0.0157644900
0.0471083600 0.0157278800
0.0470848000 0.0156913600
0.0470612500 0.0156549200
0.0470376900 0.0156185600
0.0470141300 0.0155823000
0.0469905700 0.0155461100
0.0469670100 0.0155100100
0.0469434500 0.0154740000
0.0469198900 0.0154380700
0.0468963300 0.0154022300
0.0468727800 0.0153664700
0.0468492200 0.0153308000
0.0468256600 0.0152952100
0.0468021000 0.0152597100
0.0467785400 0.0152242900
0.0467549800 0.0151889600
0.0467314200 0.0151537100
0.0467078600 0.0151185500
0.0466843100 0.0150834700
0.0466607500 0.0150484800
0.0466371900 0.0150135700
0.0466136300 0.0149787500
0.0465900700 0.0149440100
0.0465665100 0.0149093600
0.0465429500 0.0148747900
0.0465194000 0.0148403100
0.0464958400 0.0148059100
0.0464722800 0.0147716000
0.0464487200 0.0147373800
0.0464251600 0.0147032300
0.0464016000 0.0146691600
0.0463780400 0.0146351500
0.0463544800 0.0146012000
0.0463309300 0.0145673200
0.0463073700 0.0145335100
0.0462838100 0.0144997600
0.0462602500 0.0144660800
0.0462366900 0.0144324600
0.0462131300 0.0143989000
0.0461895700 0.0143654200
0.0461660100 0.0143319900
0.0461424600 0.0142986400
0.0461189000 0.0142653500
0.0460953400 0.0142321200
0.0460717800 0.0141989600
0.0460482200 0.0141658700
0.0460246600 0.0141328400
0.0460011000 0.0140998700
0.0459775400 0.0140669700
0.0459539900 0.0140341400
0.0459304300 0.0140013700
0.0459068700 0.0139686700
0.0458833100 0.0139360300
0.0458597500 0.0139034600
0.0458361900 0.0138709600
0.0458126300 0.0138385200
0.0457890800 0.0138061400
0.0457655200 0.0137738300
0.0457419600 0.0137415900
0.0457184000 0.0137094100
0.0456948400 0.0136772900
0.0456712800 0.0136452400
0.0456477200 0.0136132600
0.0456241600 0.0135813400
0.0456006100 0.0135494900
0.0455770500 0.0135177000
0.0455534900 0.0134859800
0.0455299300 0.0134543200
0.0455063700 0.0134227300
0.0454828100 0.0133912100
0.0454592500 0.0133597500
0.0454356900 0.0133283400
0.0454121400 0.0132970000
0.0453885800 0.0132657100
0.0453650200 0.0132344800
0.0453414600 0.0132033100
0.0453179000 0.0131721900
0.0452943400 0.0131411100
0.0452707800 0.0131100900
0.0452472300 0.0130791100
0.0452236700 0.0130481700
0.0452001100 0.0130172800
0.0451765500 0.0129864300
0.0451529900 0.0129556300
0.0451294300 0.0129248800
0.0451058700 0.0128941700
0.0450823100 0.0128635100
0.0450587600 0.0128328900
0.0450352000 0.0128023200
0.0450116400 0.0127717900
0.0449880800 0.0127413100
0.0449645200 0.0127108800
0.0449409600 0.0126804900
0.0449174000 0.0126501500
0.0448938400 0.0126198500
0.0448702900 0.0125896000
0.0448467300 0.0125593900
0.0448231700 0.0125292300
0.0447996100 0.0124991100
0.0447760500 0.0124690400
0.0447524900 0.0124390200
0.0447289300 0.0124090400
0.0447053700 0.0123791100
0.0446818200 0.0123492200
0.0446582600 0.0123193800
0.0446347000 0.0122895800
0.0446111400 0.0122598300
0.0445875800 0.0122301200
0.0445640200 0.0122004600
0.0445404600 0.0121708500
0.0445169100 0.0121412800
0.0444933500 0.0121117600
0.0444697900 0.0120822800
0.0444462300 0.0120528500
0.0444226700 0.0120234600
0.0443991100 0.0119941200
0.0443755500 0.0119648300
0.0443519900 0.0119355800
0.0443284400 0.0119063700
0.0443048800 0.0118772200
0.0442813200 0.0118481100
0.0442577600 0.0118190400
0.0442342000 0.0117900200
0.0442106400 0.0117610500
0.0441870800 0.0117321100
0.0441635200 0.0117032300
0.0441399700 0.0116743900
0.0441164100 0.0116456000
0.0440928500 0.0116168500
0.0440692900 0.0115881500
0.0440457300 0.0115594900
0.0440221700 0.0115308800
0.0439986100 0.0115023100
0.0439750600 0.0114738000
0.0439515000 0.0114453200
0.0439279400 0.0114168900
0.0439043800 0.0113885100
0.0438808200 0.0113601700
0.0438572600 0.0113318800
0.0438337000 0.0113036300
0.0438101400 0.0112754300
0.0437865900 0.0112472800
0.0437630300 0.0112191700
0.0437394700 0.0111911000
0.0437159100 0.0111630800
0.0436923500 0.0111351100
0.0436687900 0.0111071800
0.0436452300 0.0110793000
0.0436216700 0.0110514600
0.0435981200 0.0110236700
0.0435745600 0.0109959300
0.0435510000 0.0109682300
0.0435274400 0.0109405800
0.0435038800 0.0109129700
0.0434803200 0.0108854100
0.0434567600 0.0108578900
0.0434332000 0.0108304200
0.0434096500 0.0108029900
0.0433860900 0.0107756100
0.0433625300 0.0107482800
0.0433389700 0.0107209900
0.0433154100 0.0106937500
0.0432918500 0.0106665500
0.0432682900 0.0106394000
0.0432447400 0.0106122900
0.0432211800 0.0105852300
0.0431976200 0.0105582200
0.0431740600 0.0105312400
0.0431505000 0.0105043200
0.0431269400 0.0104774400
0.0431033800 0.0104506100
0.0430798200 0.0104238200
0.0430562700 0.0103970800
0.0430327100 0.0103703800
0.0430091500 0.0103437300
0.0429855900 0.0103171300
0.0429620300 0.0102905700
0.0429384700 0.0102640600
0.0429149100 0.0102375800
0.0428913500 0.0102111600
0.0428678000 0.0101847800
0.0428442400 0.0101584500
0.0428206800 0.0101321700
0.0427971200 0.0101059300
0.0427735600 0.0100797300
0.0427500000 0.0100535800
0.0427264400 0.0100274800
0.0427028800 0.0100014200
0.0426793300 0.0099754100
0.0426557700 0.0099494500
0.0426322100 0.0099235300
0.0426086500 0.0098976500
0.0425850900 0.0098718200
0.0425615300 0.0098460300
0.0425379700 0.0098203000
0.0425144200 0.0097946000
0.0424908600 0.0097689500
0.0424673000 0.0097433500
0.0424437400 0.0097178000
0.0424201800 0.0096922800
0.0423966200 0.0096668200
0.0423730600 0.0096414000
0.0423495000 0.0096160200
0.0423259500 0.0095907000
0.0423023900 0.0095654100
0.0422788300 0.0095401800
0.0422552700 0.0095149800
0.0422317100 0.0094898400
0.0422081500 0.0094647400
0.0421845900 0.0094396900
0.0421610300 0.0094146800
0.0421374800 0.0093897100
0.0421139200 0.0093647900
0.0420903600 0.0093399200
0.0420668000 0.0093151000
0.0420432400 0.0092903200
0.0420196800 0.0092655800
0.0419961200 0.0092408900
0.0419725700 0.0092162400
0.0419490100 0.0091916400
0.0419254500 0.0091670900
0.0419018900 0.0091425800
0.0418783300 0.0091181200
0.0418547700 0.0090937000
0.0418312100 0.0090693300
0.0418076500 0.0090450100
0.0417841000 0.0090207300
0.0417605400 0.0089964900
0.0417369800 0.0089723100
0.0417134200 0.0089481600
0.0416898600 0.0089240600
0.0416663000 0.0089000100
0.0416427400 0.0088759900
0.0416191800 0.0088520200
0.0415956300 0.0088281000
0.0415720700 0.0088042100
0.0415485100 0.0087803700
0.0415249500 0.0087565800
0.0415013900 0.0087328200
0.0414778300 0.0087091100
0.0414542700 0.0086854500
0.0414307100 0.0086618200
0.0414071600 0.0086382400
0.0413836000 0.0086147000
0.0413600400 0.0085912100
0.0413364800 0.0085677500
0.0413129200 0.0085443400
0.0412893600 0.0085209800
0.0412658000 0.0084976600
0.0412422500 0.0084743800
0.0412186900 0.0084511400
0.0411951300 0.0084279500
0.0411715700 0.0084047900
0.0411480100 0.0083816900
0.0411244500 0.0083586200
0.0411008900 0.0083356000
0.0410773300 0.0083126200
0.0410537800 0.0082896900
0.0410302200 0.0082668000
0.0410066600 0.0082439500
0.0409831000 0.0082211400
0.0409595400 0.0081983800
0.0409359800 0.0081756600
0.0409124200 0.0081529800
0.0408888600 0.0081303500
0.0408653100 0.0081077600
0.0408417500 0.0080852200
0.0408181900 0.0080627100
0.0407946300 0.0080402500
0.0407710700 0.0080178300
0.0407475100 0.0079954500
0.0407239500 0.0079731200
0.0407004000 0.0079508300
0.0406768400 0.0079285900
0.0406532800 0.0079063900
0.0406297200 0.0078842300
0.0406061600 0.0078621100
0.0405826000 0.0078400400
0.0405590400 0.0078180100
0.0405354800 0.0077960200
0.0405119300 0.0077740700
0.0404883700 0.0077521700
0.0404648100 0.0077303200
0.0404412500 0.0077085000
0.0404176900 0.0076867300
0.0403941300 0.0076650000
0.0403705700 0.0076433200
0.0403470100 0.0076216700
0.0403234600 0.0076000700
0.0402999000 0.0075785200
0.0402763400 0.0075570100
0.0402527800 0.0075355400
0.0402292200 0.0075141100
0.0402056600 0.0074927300
0.0401821000 0.0074713800
0.0401585400 0.0074500900
0.0401349900 0.0074288300
0.0401114300 0.0074076200
0.0400878700 0.0073864500
0.0400643100 0.0073653300
0.0400407500 0.0073442500
0.0400171900 0.0073232100
0.0399936300 0.0073022100
0.0399700800 0.0072812600
0.0399465200 0.0072603500
0.0399229600 0.0072394800
0.0398994000 0.0072186600
0.0398758400 0.0071978800
0.0398522800 0.0071771400
0.0398287200 0.0071564500
0.0398051600 0.0071358000
0.0397816100 0.0071151900
0.0397580500 0.0070946200
0.0397344900 0.0070741000
0.0397109300 0.0070536200
0.0396873700 0.0070331900
0.0396638100 0.0070127900
0.0396402500 0.0069924400
0.0396166900 0.0069721400
0.0395931400 0.0069518700
0.0395695800 0.0069316500
0.0395460200 0.0069114800
0.0395224600 0.0068913400
0.0394989000 0.0068712500
0.0394753400 0.0068512000
0.0394517800 0.0068312000
0.0394282300 0.0068112400
0.0394046700 0.0067913200
0.0393811100 0.0067714400
0.0393575500 0.0067516100
0.0393339900 0.0067318200
0.0393104300 0.0067120800
0.0392868700 0.0066923700
0.0392633100 0.0066727100
0.0392397600 0.0066531000
0.0392162000 0.0066335200
0.0391926400 0.0066139900
0.0391690800 0.0065945000
0.0391455200 0.0065750600
0.0391219600 0.0065556600
0.0390984000 0.0065363000
0.0390748400 0.0065169800
0.0390512900 0.0064977100
0.0390277300 0.0064784900
0.0390041700 0.0064593000
0.0389806100 0.0064401600
0.0389570500 0.0064210600
0.0389334900 0.0064020000
0.0389099300 0.0063829900
0.0388863700 0.0063640200
0.0388628200 0.0063450900
0.0388392600 0.0063262000
0.0388157000 0.0063073600
0.0387921400 0.0062885600
0.0387685800 0.0062698100
0.0387450200 0.0062511000
0.0387214600 0.0062324300
0.0386979100 0.0062138000
0.0386743500 0.0061952200
0.0386507900 0.0061766800
0.0386272300 0.0061581800
0.0386036700 0.0061397300
0.0385801100 0.0061213200
0.0385565500 0.0061029500
0.0385329900 0.0060846300
0.0385094400 0.0060663500
0.0384858800 0.0060481100
0.0384623200 0.0060299100
0.0384387600 0.0060117600
0.0384152000 0.0059936600
0.0383916400 0.0059755900
0.0383680800 0.0059575700
0.0383445200 0.0059395900
0.0383209700 0.0059216500
0.0382974100 0.0059037600
0.0382738500 0.0058859100
0.0382502900 0.0058681000
0.0382267300 0.0058503400
0.0382031700 0.0058326200
0.0381796100 0.0058149400
0.0381560500 0.0057973000
0.0381325000 0.0057797100
0.0381089400 0.0057621600
0.0380853800 0.0057446600
0.0380618200 0.0057272000
0.0380382600 0.0057097800
0.0380147000 0.0056924000
0.0379911400 0.0056750700
0.0379675900 0.0056577800
0.0379440300 0.0056405300
0.0379204700 0.0056233300
0.0378969100 0.0056061700
0.0378733500 0.0055890500
0.0378497900 0.0055719800
0.0378262300 0.0055549500
0.0378026700 0.0055379600
0.0377791200 0.0055210100
0.0377555600 0.0055041100
0.0377320000 0.0054872500
0.0377084400 0.0054704400
0.0376848800 0.0054536600
0.0376613200 0.0054369300
0.0376377600 0.0054202500
0.0376142000 0.0054036000
0.0375906500 0.0053870000
0.0375670900 0.0053704500
0.0375435300 0.0053539300
0.0375199700 0.0053374600
0.0374964100 0.0053210300
0.0374728500 0.0053046500
0.0374492900 0.0052883100
0.0374257400 0.0052720100
0.0374021800 0.0052557500
0.0373786200 0.0052395400
0.0373550600 0.0052233700
0.0373315000 0.0052072500
0.0373079400 0.0051911600
0.0372843800 0.0051751200
0.0372608200 0.0051591200
0.0372372700 0.0051431700
0.0372137100 0.0051272600
0.0371901500 0.0051113900
0.0371665900 0.0050955700
0.0371430300 0.0050797900
0.0371194700 0.0050640500
0.0370959100 0.0050483500
0.0370723500 0.0050327000
0.0370488000 0.0050170900
0.0370252400 0.0050015200
0.0370016800 0.0049860000
0.0369781200 0.0049705100
0.0369545600 0.0049550800
0.0369310000 0.0049396800
0.0369074400 0.0049243300
0.0368838800 0.0049090100
0.0368603300 0.0048937500
0.0368367700 0.0048785200
0.0368132100 0.0048633400
0.0367896500 0.0048482000
0.0367660900 0.0048331000
0.0367425300 0.0048180400
0.0367189700 0.0048030300
0.0366954200 0.0047880600
0.0366718600 0.0047731300
0.0366483000 0.0047582500
0.0366247400 0.0047434100
0.0366011800 0.0047286100
0.0365776200 0.0047138500
0.0365540600 0.0046991400
0.0365305000 0.0046844700
0.0365069500 0.0046698400
0.0364833900 0.0046552500
0.0364598300 0.0046407100
0.0364362700 0.0046262100
0.0364127100 0.0046117500
0.0363891500 0.0045973400
0.0363655900 0.0045829600
0.0363420300 0.0045686300
0.0363184800 0.0045543500
0.0362949200 0.0045401000
0.0362713600 0.0045259000
0.0362478000 0.0045117400
0.0362242400 0.0044976300
0.0362006800 0.0044835500
0.0361771200 0.0044695200
0.0361535700 0.0044555300
0.0361300100 0.0044415900
0.0361064500 0.0044276800
0.0360828900 0.0044138200
0.0360593300 0.0044000100
0.0360357700 0.0043862300
0.0360122100 0.0043725000
0.0359886500 0.0043588100
0.0359651000 0.0043451600
0.0359415400 0.0043315600
0.0359179800 0.0043180000
0.0358944200 0.0043044800
0.0358708600 0.0042910000
0.0358473000 0.0042775700
0.0358237400 0.0042641800
0.0358001800 0.0042508300
0.0357766300 0.0042375200
0.0357530700 0.0042242600
0.0357295100 0.0042110400
0.0357059500 0.0041978600
0.0356823900 0.0041847300
0.0356588300 0.0041716400
0.0356352700 0.0041585900
0.0356117100 0.0041455800
0.0355881600 0.0041326200
0.0355646000 0.0041196900
0.0355410400 0.0041068200
0.0355174800 0.0040939800
0.0354939200 0.0040811900
0.0354703600 0.0040684300
0.0354468000 0.0040557200
0.0354232500 0.0040430500
0.0353996900 0.0040304300
0.0353761300 0.0040178400
0.0353525700 0.0040053000
0.0353290100 0.0039928000
0.0353054500 0.0039803400
0.0352818900 0.0039679200
0.0352583300 0.0039555500
0.0352347800 0.0039432200
0.0352112200 0.0039309200
0.0351876600 0.0039186700
0.0351641000 0.0039064600
0.0351405400 0.0038942900
0.0351169800 0.0038821700
0.0350934200 0.0038700900
0.0350698600 0.0038580400
0.0350463100 0.0038460500
0.0350227500 0.0038340900
0.0349991900 0.0038221700
0.0349756300 0.0038103000
0.0349520700 0.0037984700
0.0349285100 0.0037866800
0.0349049500 0.0037749300
0.0348814000 0.0037632200
0.0348578400 0.0037515600
0.0348342800 0.0037399300
0.0348107200 0.0037283500
0.0347871600 0.0037168100
0.0347636000 0.0037053100
0.0347400400 0.0036938600
0.0347164800 0.0036824500
0.0346929300 0.0036710800
0.0346693700 0.0036597400
0.0346458100 0.0036484600
0.0346222500 0.0036372100
0.0345986900 0.0036260000
0.0345751300 0.0036148400
0.0345515700 0.0036037200
0.0345280100 0.0035926400
0.0345044600 0.0035816000
0.0344809000 0.0035706000
0.0344573400 0.0035596500
0.0344337800 0.0035487400
0.0344102200 0.0035378700
0.0343866600 0.0035270400
0.0343631000 0.0035162500
0.0343395400 0.0035055000
0.0343159900 0.0034948000
0.0342924300 0.0034841400
0.0342688700 0.0034735200
0.0342453100 0.0034629400
0.0342217500 0.0034524100
0.0341981900 0.0034419100
0.0341746300 0.0034314600
0.0341510800 0.0034210500
0.0341275200 0.0034106800
0.0341039600 0.0034003500
0.0340804000 0.0033900700
0.0340568400 0.0033798200
0.0340332800 0.0033696200
0.0340097200 0.0033594600
0.0339861600 0.0033493400
0.0339626100 0.0033392700
0.0339390500 0.0033292300
0.0339154900 0.0033192400
0.0338919300 0.0033092900
0.0338683700 0.0032993800
0.0338448100 0.0032895100
0.0338212500 0.0032796900
0.0337976900 0.0032699100
0.0337741400 0.0032601600
0.0337505800 0.0032504700
0.0337270200 0.0032408000
0.0337034600 0.0032311900
0.0336799000 0.0032216100
0.0336563400 0.0032120800
0.0336327800 0.0032025900
0.0336092200 0.0031931400
0.0335856700 0.0031837400
0.0335621100 0.0031743700
0.0335385500 0.0031650400
0.0335149900 0.0031557600
0.0334914300 0.0031465200
0.0334678700 0.0031373200
0.0334443100 0.0031281700
0.0334207600 0.0031190600
0.0333972000 0.0031099800
0.0333736400 0.0031009500
0.0333500800 0.0030919600
0.0333265200 0.0030830100
0.0333029600 0.0030741100
0.0332794000 0.0030652400
0.0332558400 0.0030564200
0.0332322900 0.0030476400
0.0332087300 0.0030388900
0.0331851700 0.0030301700
0.0331616100 0.0030214700
0.0331380500 0.0030127900
0.0331144900 0.0030041400
0.0330909300 0.0029955000
0.0330673700 0.0029868800
0.0330438200 0.0029782800
0.0330202600 0.0029696900
0.0329967000 0.0029611300
0.0329731400 0.0029525800
0.0329495800 0.0029440500
0.0329260200 0.0029355400
0.0329024600 0.0029270400
0.0328789100 0.0029185700
0.0328553500 0.0029101100
0.0328317900 0.0029016800
0.0328082300 0.0028932600
0.0327846700 0.0028848500
0.0327611100 0.0028764700
0.0327375500 0.0028681000
0.0327139900 0.0028597600
0.0326904400 0.0028514300
0.0326668800 0.0028431200
0.0326433200 0.0028348300
0.0326197600 0.0028265500
0.0325962000 0.0028182900
0.0325726400 0.0028100500
0.0325490800 0.0028018300
0.0325255200 0.0027936300
0.0325019700 0.0027854500
0.0324784100 0.0027772800
0.0324548500 0.0027691400
0.0324312900 0.0027610100
0.0324077300 0.0027529000
0.0323841700 0.0027448000
0.0323606100 0.0027367300
0.0323370500 0.0027286700
0.0323135000 0.0027206300
0.0322899400 0.0027126100
0.0322663800 0.0027046100
0.0322428200 0.0026966300
0.0322192600 0.0026886700
0.0321957000 0.0026807200
0.0321721400 0.0026727900
0.0321485900 0.0026648800
0.0321250300 0.0026569800
0.0321014700 0.0026491100
0.0320779100 0.0026412500
0.0320543500 0.0026334100
0.0320307900 0.0026256000
0.0320072300 0.0026177900
0.0319836700 0.0026100100
0.0319601200 0.0026022400
0.0319365600 0.0025945000
0.0319130000 0.0025867700
0.0318894400 0.0025790600
0.0318658800 0.0025713600
0.0318423200 0.0025636900
0.0318187600 0.0025560400
0.0317952000 0.0025484000
0.0317716500 0.0025407800
0.0317480900 0.0025331800
0.0317245300 0.0025255900
0.0317009700 0.0025180300
0.0316774100 0.0025104800
0.0316538500 0.0025029500
0.0316302900 0.0024954400
0.0316067400 0.0024879500
0.0315831800 0.0024804700
0.0315596200 0.0024730200
0.0315360600 0.0024655800
0.0315125000 0.0024581600
0.0314889400 0.0024507600
0.0314653800 0.0024433700
0.0314418200 0.0024360100
0.0314182700 0.0024286600
0.0313947100 0.0024213400
0.0313711500 0.0024140300
0.0313475900 0.0024067400
0.0313240300 0.0023994700
0.0313004700 0.0023922200
0.0312769100 0.0023849800
0.0312533500 0.0023777700
0.0312298000 0.0023705700
0.0312062400 0.0023633900
0.0311826800 0.0023562300
0.0311591200 0.0023490900
0.0311355600 0.0023419700
0.0311120000 0.0023348600
0.0310884400 0.0023277700
0.0310648800 0.0023207000
0.0310413300 0.0023136600
0.0310177700 0.0023066300
0.0309942100 0.0022996200
0.0309706500 0.0022926200
0.0309470900 0.0022856500
0.0309235300 0.0022786900
0.0308999700 0.0022717500
0.0308764200 0.0022648300
0.0308528600 0.0022579300
0.0308293000 0.0022510500
0.0308057400 0.0022441900
0.0307821800 0.0022373400
0.0307586200 0.0022305200
0.0307350600 0.0022237100
0.0307115000 0.0022169200
0.0306879500 0.0022101500
0.0306643900 0.0022033900
0.0306408300 0.0021966600
0.0306172700 0.0021899500
0.0305937100 0.0021832500
0.0305701500 0.0021765700
0.0305465900 0.0021699100
0.0305230300 0.0021632700
0.0304994800 0.0021566500
0.0304759200 0.0021500500
0.0304523600 0.0021434600
0.0304288000 0.0021369000
0.0304052400 0.0021303500
0.0303816800 0.0021238100
0.0303581200 0.0021173000
0.0303345600 0.0021108100
0.0303110100 0.0021043400
0.0302874500 0.0020978800
0.0302638900 0.0020914500
0.0302403300 0.0020850300
0.0302167700 0.0020786300
0.0301932100 0.0020722500
0.0301696500 0.0020658800
0.0301461000 0.0020595400
0.0301225400 0.0020532200
0.0300989800 0.0020469100
0.0300754200 0.0020406200
0.0300518600 0.0020343500
0.0300283000 0.0020281000
0.0300047400 0.0020218600
0.0299811800 0.0020156500
0.0299576300 0.0020094600
0.0299340700 0.0020032800
0.0299105100 0.0019971300
0.0298869500 0.0019909800
0.0298633900 0.0019848600
0.0298398300 0.0019787500
0.0298162700 0.0019726700
0.0297927100 0.0019666000
0.0297691600 0.0019605600
0.0297456000 0.0019545300
0.0297220400 0.0019485200
0.0296984800 0.0019425300
0.0296749200 0.0019365500
0.0296513600 0.0019306000
0.0296278000 0.0019246600
0.0296042500 0.0019187500
0.0295806900 0.0019128500
0.0295571300 0.0019069700
0.0295335700 0.0019011000
0.0295100100 0.0018952600
0.0294864500 0.0018894400
0.0294628900 0.0018836300
0.0294393300 0.0018778400
0.0294157800 0.0018720700
0.0293922200 0.0018663200
0.0293686600 0.0018605900
0.0293451000 0.0018548800
0.0293215400 0.0018491800
0.0292979800 0.0018435100
0.0292744200 0.0018378500
0.0292508600 0.0018322100
0.0292273100 0.0018265900
0.0292037500 0.0018209800
0.0291801900 0.0018153800
0.0291566300 0.0018098000
0.0291330700 0.0018042300
0.0291095100 0.0017986800
0.0290859500 0.0017931400
0.0290623900 0.0017876100
0.0290388400 0.0017820900
0.0290152800 0.0017766000
0.0289917200 0.0017711100
0.0289681600 0.0017656400
0.0289446000 0.0017601800
0.0289210400 0.0017547300
0.0288974800 0.0017493000
0.0288739300 0.0017438800
0.0288503700 0.0017384800
0.0288268100 0.0017330900
0.0288032500 0.0017277100
0.0287796900 0.0017223500
0.0287561300 0.0017170000
0.0287325700 0.0017116700
0.0287090100 0.0017063400
0.0286854600 0.0017010400
0.0286619000 0.0016957400
0.0286383400 0.0016904600
0.0286147800 0.0016852000
0.0285912200 0.0016799400
0.0285676600 0.0016747000
0.0285441000 0.0016694800
0.0285205400 0.0016642700
0.0284969900 0.0016590700
0.0284734300 0.0016538800
0.0284498700 0.0016487100
0.0284263100 0.0016435500
0.0284027500 0.0016384100
0.0283791900 0.0016332800
0.0283556300 0.0016281600
0.0283320800 0.0016230600
0.0283085200 0.0016179700
0.0282849600 0.0016128900
0.0282614000 0.0016078200
0.0282378400 0.0016027700
0.0282142800 0.0015977300
0.0281907200 0.0015927000
0.0281671600 0.0015876900
0.0281436100 0.0015826900
0.0281200500 0.0015777100
0.0280964900 0.0015727300
0.0280729300 0.0015677700
0.0280493700 0.0015628200
0.0280258100 0.0015578800
0.0280022500 0.0015529600
0.0279786900 0.0015480500
0.0279551400 0.0015431600
0.0279315800 0.0015382800
0.0279080200 0.0015334100
0.0278844600 0.0015285500
0.0278609000 0.0015237100
0.0278373400 0.0015188800
0.0278137800 0.0015140600
0.0277902200 0.0015092500
0.0277666700 0.0015044600
0.0277431100 0.0014996800
0.0277195500 0.0014949200
0.0276959900 0.0014901700
0.0276724300 0.0014854300
0.0276488700 0.0014807100
0.0276253100 0.0014759900
0.0276017600 0.0014712900
0.0275782000 0.0014666100
0.0275546400 0.0014619300
0.0275310800 0.0014572700
0.0275075200 0.0014526200
0.0274839600 0.0014479900
0.0274604000 0.0014433600
0.0274368400 0.0014387500
0.0274132900 0.0014341600
0.0273897300 0.0014295800
0.0273661700 0.0014250100
0.0273426100 0.0014204500
0.0273190500 0.0014159100
0.0272954900 0.0014113800
0.0272719300 0.0014068600
0.0272483700 0.0014023600
0.0272248200 0.0013978700
0.0272012600 0.0013933900
0.0271777000 0.0013889300
0.0271541400 0.0013844800
0.0271305800 0.0013800300
0.0271070200 0.0013756100
0.0270834600 0.0013711900
0.0270599100 0.0013668000
0.0270363500 0.0013624100
0.0270127900 0.0013580300
0.0269892300 0.0013536700
0.0269656700 0.0013493300
0.0269421100 0.0013449900
0.0269185500 0.0013406700
0.0268949900 0.0013363600
0.0268714400 0.0013320700
0.0268478800 0.0013277900
0.0268243200 0.0013235200
0.0268007600 0.0013192600
0.0267772000 0.0013150200
0.0267536400 0.0013107900
0.0267300800 0.0013065700
0.0267065200 0.0013023700
0.0266829700 0.0012981700
0.0266594100 0.0012940000
0.0266358500 0.0012898300
0.0266122900 0.0012856800
0.0265887300 0.0012815500
0.0265651700 0.0012774200
0.0265416100 0.0012733100
0.0265180500 0.0012692000
0.0264945000 0.0012651200
0.0264709400 0.0012610400
0.0264473800 0.0012569900
0.0264238200 0.0012529400
0.0264002600 0.0012489000
0.0263767000 0.0012448800
0.0263531400 0.0012408700
0.0263295900 0.0012368800
0.0263060300 0.0012329000
0.0262824700 0.0012289300
0.0262589100 0.0012249700
0.0262353500 0.0012210300
0.0262117900 0.0012171000
0.0261882300 0.0012131800
0.0261646700 0.0012092800
0.0261411200 0.0012053900
0.0261175600 0.0012015100
0.0260940000 0.0011976500
0.0260704400 0.0011938000
0.0260468800 0.0011899600
0.0260233200 0.0011861300
0.0259997600 0.0011823200
0.0259762000 0.0011785200
0.0259526500 0.0011747300
0.0259290900 0.0011709600
0.0259055300 0.0011672000
0.0258819700 0.0011634500
0.0258584100 0.0011597200
0.0258348500 0.0011560000
0.0258112900 0.0011522900
0.0257877300 0.0011486000
0.0257641800 0.0011449100
0.0257406200 0.0011412500
0.0257170600 0.0011376000
0.0256935000 0.0011339500
0.0256699400 0.0011303200
0.0256463800 0.0011267100
0.0256228200 0.0011231000
0.0255992700 0.0011195100
0.0255757100 0.0011159300
0.0255521500 0.0011123600
0.0255285900 0.0011088000
0.0255050300 0.0011052500
0.0254814700 0.0011017100
0.0254579100 0.0010981800
0.0254343500 0.0010946500
0.0254108000 0.0010911400
0.0253872400 0.0010876400
0.0253636800 0.0010841500
0.0253401200 0.0010806600
0.0253165600 0.0010771900
0.0252930000 0.0010737200
0.0252694400 0.0010702600
0.0252458800 0.0010668200
0.0252223300 0.0010633800
0.0251987700 0.0010599500
0.0251752100 0.0010565300
0.0251516500 0.0010531300
0.0251280900 0.0010497200
0.0251045300 0.0010463300
0.0250809700 0.0010429500
0.0250574200 0.0010395800
0.0250338600 0.0010362100
0.0250103000 0.0010328600
0.0249867400 0.0010295200
0.0249631800 0.0010261800
0.0249396200 0.0010228600
0.0249160600 0.0010195400
0.0248925000 0.0010162400
0.0248689500 0.0010129400
0.0248453900 0.0010096500
0.0248218300 0.0010063700
0.0247982700 0.0010031000
0.0247747100 0.0009998500
0.0247511500 0.0009966000
0.0247275900 0.0009933600
0.0247040300 0.0009901200
0.0246804800 0.0009869000
0.0246569200 0.0009836900
0.0246333600 0.0009804900
0.0246098000 0.0009772900
0.0245862400 0.0009741100
0.0245626800 0.0009709400
0.0245391200 0.0009677700
0.0245155600 0.0009646200
0.0244920100 0.0009614700
0.0244684500 0.0009583300
0.0244448900 0.0009552000
0.0244213300 0.0009520800
0.0243977700 0.0009489600
0.0243742100 0.0009458500
0.0243506500 0.0009427600
0.0243271000 0.0009396700
0.0243035400 0.0009365800
0.0242799800 0.0009335000
0.0242564200 0.0009304400
0.0242328600 0.0009273800
0.0242093000 0.0009243200
0.0241857400 0.0009212800
0.0241621800 0.0009182400
0.0241386300 0.0009152200
0.0241150700 0.0009122000
0.0240915100 0.0009091900
0.0240679500 0.0009061800
0.0240443900 0.0009031800
0.0240208300 0.0009002000
0.0239972700 0.0008972100
0.0239737100 0.0008942400
0.0239501600 0.0008912700
0.0239266000 0.0008883100
0.0239030400 0.0008853600
0.0238794800 0.0008824200
0.0238559200 0.0008794900
0.0238323600 0.0008765600
0.0238088000 0.0008736500
0.0237852500 0.0008707400
0.0237616900 0.0008678400
0.0237381300 0.0008649400
0.0237145700 0.0008620600
0.0236910100 0.0008591800
0.0236674500 0.0008563100
0.0236438900 0.0008534400
0.0236203300 0.0008505900
0.0235967800 0.0008477400
0.0235732200 0.0008449000
0.0235496600 0.0008420800
0.0235261000 0.0008392500
0.0235025400 0.0008364400
0.0234789800 0.0008336300
0.0234554200 0.0008308300
0.0234318600 0.0008280400
0.0234083100 0.0008252500
0.0233847500 0.0008224800
0.0233611900 0.0008197100
0.0233376300 0.0008169500
0.0233140700 0.0008142000
0.0232905100 0.0008114600
0.0232669500 0.0008087200
0.0232433900 0.0008059900
0.0232198400 0.0008032700
0.0231962800 0.0008005600
0.0231727200 0.0007978500
0.0231491600 0.0007951600
0.0231256000 0.0007924700
0.0231020400 0.0007897900
0.0230784800 0.0007871200
0.0230549300 0.0007844500
0.0230313700 0.0007818000
0.0230078100 0.0007791500
0.0229842500 0.0007765100
0.0229606900 0.0007738700
0.0229371300 0.0007712500
0.0229135700 0.0007686300
0.0228900100 0.0007660200
0.0228664600 0.0007634200
0.0228429000 0.0007608200
0.0228193400 0.0007582400
0.0227957800 0.0007556600
0.0227722200 0.0007530900
0.0227486600 0.0007505300
0.0227251000 0.0007479800
0.0227015400 0.0007454300
0.0226779900 0.0007428900
0.0226544300 0.0007403600
0.0226308700 0.0007378300
0.0226073100 0.0007353200
0.0225837500 0.0007328200
0.0225601900 0.0007303200
0.0225366300 0.0007278300
0.0225130800 0.0007253400
0.0224895200 0.0007228700
0.0224659600 0.0007204000
0.0224424000 0.0007179400
0.0224188400 0.0007154900
0.0223952800 0.0007130400
0.0223717200 0.0007106100
0.0223481600 0.0007081800
0.0223246100 0.0007057600
0.0223010500 0.0007033500
0.0222774900 0.0007009400
0.0222539300 0.0006985500
0.0222303700 0.0006961600
0.0222068100 0.0006937800
0.0221832500 0.0006914100
0.0221596900 0.0006890400
0.0221361400 0.0006866800
0.0221125800 0.0006843400
0.0220890200 0.0006819900
0.0220654600 0.0006796600
0.0220419000 0.0006773400
0.0220183400 0.0006750200
0.0219947800 0.0006727100
0.0219712200 0.0006704100
0.0219476700 0.0006681200
0.0219241100 0.0006658300
0.0219005500 0.0006635500
0.0218769900 0.0006612800
0.0218534300 0.0006590200
0.0218298700 0.0006567600
0.0218063100 0.0006545100
0.0217827600 0.0006522700
0.0217592000 0.0006500400
0.0217356400 0.0006478100
0.0217120800 0.0006456000
0.0216885200 0.0006433900
0.0216649600 0.0006411800
0.0216414000 0.0006389900
0.0216178400 0.0006368000
0.0215942900 0.0006346200
0.0215707300 0.0006324500
0.0215471700 0.0006302800
0.0215236100 0.0006281300
0.0215000500 0.0006259800
0.0214764900 0.0006238300
0.0214529300 0.0006217000
0.0214293700 0.0006195700
0.0214058200 0.0006174500
0.0213822600 0.0006153400
0.0213587000 0.0006132400
0.0213351400 0.0006111400
0.0213115800 0.0006090500
0.0212880200 0.0006069700
0.0212644600 0.0006049000
0.0212409100 0.0006028300
0.0212173500 0.0006007700
0.0211937900 0.0005987200
0.0211702300 0.0005966800
0.0211466700 0.0005946400
0.0211231100 0.0005926100
0.0210995500 0.0005905900
0.0210759900 0.0005885800
0.0210524400 0.0005865700
0.0210288800 0.0005845700
0.0210053200 0.0005825800
0.0209817600 0.0005805900
0.0209582000 0.0005786200
0.0209346400 0.0005766500
0.0209110800 0.0005746900
0.0208875200 0.0005727300
0.0208639700 0.0005707800
0.0208404100 0.0005688400
0.0208168500 0.0005669100
0.0207932900 0.0005649800
0.0207697300 0.0005630600
0.0207461700 0.0005611500
0.0207226100 0.0005592500
0.0206990500 0.0005573500
0.0206755000 0.0005554600
0.0206519400 0.0005535800
0.0206283800 0.0005517000
0.0206048200 0.0005498400
0.0205812600 0.0005479700
0.0205577000 0.0005461200
0.0205341400 0.0005442700
0.0205105900 0.0005424300
0.0204870300 0.0005406000
0.0204634700 0.0005387700
0.0204399100 0.0005369600
0.0204163500 0.0005351500
0.0203927900 0.0005333400
0.0203692300 0.0005315500
0.0203456700 0.0005297600
0.0203221200 0.0005279800
0.0202985600 0.0005262000
0.0202750000 0.0005244400
0.0202514400 0.0005226800
0.0202278800 0.0005209300
0.0202043200 0.0005191800
0.0201807600 0.0005174400
0.0201572000 0.0005157100
0.0201336500 0.0005139900
0.0201100900 0.0005122700
0.0200865300 0.0005105700
0.0200629700 0.0005088700
0.0200394100 0.0005071700
0.0200158500 0.0005054800
0.0199922900 0.0005038100
0.0199687400 0.0005021400
0.0199451800 0.0005004700
0.0199216200 0.0004988100
0.0198980600 0.0004971600
0.0198745000 0.0004955200
0.0198509400 0.0004938900
0.0198273800 0.0004922600
0.0198038200 0.0004906400
0.0197802700 0.0004890200
0.0197567100 0.0004874200
0.0197331500 0.0004858200
0.0197095900 0.0004842300
0.0196860300 0.0004826500
0.0196624700 0.0004810700
0.0196389100 0.0004795100
0.0196153500 0.0004779400
0.0195918000 0.0004763900
0.0195682400 0.0004748400
0.0195446800 0.0004733000
0.0195211200 0.0004717700
0.0194975600 0.0004702500
0.0194740000 0.0004687300
0.0194504400 0.0004672200
0.0194268800 0.0004657200
0.0194033300 0.0004642200
0.0193797700 0.0004627300
0.0193562100 0.0004612500
0.0193326500 0.0004597800
0.0193090900 0.0004583200
0.0192855300 0.0004568600
0.0192619700 0.0004554100
0.0192384200 0.0004539700
0.0192148600 0.0004525300
0.0191913000 0.0004511000
0.0191677400 0.0004496800
0.0191441800 0.0004482600
0.0191206200 0.0004468400
0.0190970600 0.0004454300
0.0190735000 0.0004440300
0.0190499500 0.0004426200
0.0190263900 0.0004412300
0.0190028300 0.0004398400
0.0189792700 0.0004384500
0.0189557100 0.0004370700
0.0189321500 0.0004356900
0.0189085900 0.0004343200
0.0188850300 0.0004329500
0.0188614800 0.0004315900
0.0188379200 0.0004302300
0.0188143600 0.0004288700
0.0187908000 0.0004275200
0.0187672400 0.0004261800
0.0187436800 0.0004248300
0.0187201200 0.0004235000
0.0186965600 0.0004221600
0.0186730100 0.0004208400
0.0186494500 0.0004195300
0.0186258900 0.0004182100
0.0186023300 0.0004169000
0.0185787700 0.0004156000
0.0185552100 0.0004143000
0.0185316500 0.0004130100
0.0185081000 0.0004117200
0.0184845400 0.0004104400
0.0184609800 0.0004091700
0.0184374200 0.0004079000
0.0184138600 0.0004066400
0.0183903000 0.0004053800
0.0183667400 0.0004041200
0.0183431800 0.0004028800
0.0183196300 0.0004016300
0.0182960700 0.0004004000
0.0182725100 0.0003991700
0.0182489500 0.0003979400
0.0182253900 0.0003967200
0.0182018300 0.0003955000
0.0181782700 0.0003942900
0.0181547100 0.0003930900
0.0181311600 0.0003918900
0.0181076000 0.0003907000
0.0180840400 0.0003895100
0.0180604800 0.0003883300
0.0180369200 0.0003871500
0.0180133600 0.0003859800
0.0179898000 0.0003848100
0.0179662400 0.0003836500
0.0179426900 0.0003825000
0.0179191300 0.0003813500
0.0178955700 0.0003802000
0.0178720100 0.0003790700
0.0178484500 0.0003779300
0.0178248900 0.0003768000
0.0178013300 0.0003756800
0.0177777800 0.0003745700
0.0177542200 0.0003734500
0.0177306600 0.0003723500
0.0177071000 0.0003712500
0.0176835400 0.0003701500
0.0176599800 0.0003690600
0.0176364200 0.0003679800
0.0176128600 0.0003669000
0.0175893100 0.0003658300
0.0175657500 0.0003647600
0.0175421900 0.0003637000
0.0175186300 0.0003626400
0.0174950700 0.0003615800
0.0174715100 0.0003605400
0.0174479500 0.0003594900
0.0174243900 0.0003584600
0.0174008400 0.0003574300
0.0173772800 0.0003564000
0.0173537200 0.0003553800
0.0173301600 0.0003543600
0.0173066000 0.0003533500
0.0172830400 0.0003523400
0.0172594800 0.0003513400
0.0172359300 0.0003503400
0.0172123700 0.0003493500
0.0171888100 0.0003483700
0.0171652500 0.0003473800
0.0171416900 0.0003464100
0.0171181300 0.0003454400
0.0170945700 0.0003444700
0.0170710100 0.0003435100
0.0170474600 0.0003425600
0.0170239000 0.0003416100
0.0170003400 0.0003406600
0.0169767800 0.0003397200
0.0169532200 0.0003387900
0.0169296600 0.0003378600
0.0169061000 0.0003369300
0.0168825400 0.0003360100
0.0168589900 0.0003351000
0.0168354300 0.0003341900
0.0168118700 0.0003332900
0.0167883100 0.0003323900
0.0167647500 0.0003314900
0.0167411900 0.0003306100
0.0167176300 0.0003297200
0.0166940700 0.0003288400
0.0166705200 0.0003279700
0.0166469600 0.0003271000
0.0166234000 0.0003262400
0.0165998400 0.0003253800
0.0165762800 0.0003245300
0.0165527200 0.0003236900
0.0165291600 0.0003228400
0.0165056100 0.0003220100
0.0164820500 0.0003211700
0.0164584900 0.0003203400
0.0164349300 0.0003195200
0.0164113700 0.0003186900
0.0163878100 0.0003178800
0.0163642500 0.0003170600
0.0163406900 0.0003162500
0.0163171400 0.0003154500
0.0162935800 0.0003146500
0.0162700200 0.0003138500
0.0162464600 0.0003130600
0.0162229000 0.0003122700
0.0161993400 0.0003114900
0.0161757800 0.0003107100
0.0161522300 0.0003099300
0.0161286700 0.0003091600
0.0161051100 0.0003083900
0.0160815500 0.0003076300
0.0160579900 0.0003068700
0.0160344300 0.0003061200
0.0160108700 0.0003053700
0.0159873100 0.0003046200
0.0159637600 0.0003038800
0.0159402000 0.0003031400
0.0159166400 0.0003023900
0.0158930800 0.0003016600
0.0158695200 0.0003009300
0.0158459600 0.0003002100
0.0158224000 0.0002994900
0.0157988500 0.0002987700
0.0157752900 0.0002980500
0.0157517300 0.0002973400
0.0157281700 0.0002966300
0.0157046100 0.0002959300
0.0156810500 0.0002952300
0.0156574900 0.0002945300
0.0156339300 0.0002938300
0.0156103700 0.0002931400
0.0155868200 0.0002924600
0.0155632600 0.0002917800
0.0155397000 0.0002911000
0.0155161400 0.0002904200
0.0154925800 0.0002897500
0.0154690200 0.0002890800
0.0154454600 0.0002884200
0.0154219100 0.0002877600
0.0153983500 0.0002871000
0.0153747900 0.0002864400
0.0153512300 0.0002857900
0.0153276700 0.0002851400
0.0153041100 0.0002845000
0.0152805500 0.0002838500
0.0152570000 0.0002832200
0.0152334400 0.0002825800
0.0152098800 0.0002819400
0.0151863200 0.0002813100
0.0151627600 0.0002806900
0.0151392000 0.0002800700
0.0151156400 0.0002794500
0.0150920800 0.0002788300
0.0150685200 0.0002782200
0.0150449700 0.0002776100
0.0150214100 0.0002770100
0.0149978500 0.0002764100
0.0149742900 0.0002758100
0.0149507300 0.0002752100
0.0149271700 0.0002746200
0.0149036100 0.0002740300
0.0148800500 0.0002734500
0.0148565000 0.0002728700
0.0148329400 0.0002722900
0.0148093800 0.0002717100
0.0147858200 0.0002711400
0.0147622600 0.0002705700
0.0147387000 0.0002700100
0.0147151400 0.0002694500
0.0146915900 0.0002688900
0.0146680300 0.0002683400
0.0146444700 0.0002677800
0.0146209100 0.0002672400
0.0145973500 0.0002666900
0.0145737900 0.0002661500
0.0145502300 0.0002656100
0.0145266700 0.0002650800
0.0145031200 0.0002645500
0.0144795600 0.0002640200
0.0144560000 0.0002635100
0.0144324400 0.0002629900
0.0144088800 0.0002624700
0.0143853200 0.0002619500
0.0143617700 0.0002614400
0.0143382100 0.0002609300
0.0143146500 0.0002604300
0.0142910900 0.0002599200
0.0142675300 0.0002594300
0.0142439700 0.0002589300
0.0142204100 0.0002584400
0.0141968600 0.0002579500
0.0141733000 0.0002574600
0.0141497400 0.0002569800
0.0141261800 0.0002564900
0.0141026200 0.0002560200
0.0140790600 0.0002555400
0.0140555000 0.0002550700
0.0140319400 0.0002546000
0.0140083800 0.0002541300
0.0139848200 0.0002536700
0.0139612700 0.0002532100
0.0139377100 0.0002527500
0.0139141500 0.0002523000
0.0138905900 0.0002518600
0.0138670300 0.0002514100
0.0138434700 0.0002509700
0.0138199200 0.0002505300
0.0137963600 0.0002500900
0.0137728000 0.0002496500
0.0137492400 0.0002492200
0.0137256800 0.0002487900
0.0137021200 0.0002483700
0.0136785600 0.0002479500
0.0136550000 0.0002475300
0.0136314400 0.0002471100
0.0136078900 0.0002467000
0.0135843300 0.0002462900
0.0135607700 0.0002458800
0.0135372100 0.0002454800
0.0135136500 0.0002450800
0.0134900900 0.0002446800
0.0134665300 0.0002442900
0.0134429700 0.0002439000
0.0134194100 0.0002435100
0.0133958600 0.0002431200
0.0133723000 0.0002427400
0.0133487400 0.0002423600
0.0133251800 0.0002419800
0.0133016200 0.0002416100
0.0132780600 0.0002412400
0.0132545000 0.0002408700
0.0132309500 0.0002405100
0.0132073900 0.0002401500
0.0131838300 0.0002397900
0.0131602700 0.0002394300
0.0131367100 0.0002390800
0.0131131500 0.0002387300
0.0130895900 0.0002383800
0.0130660300 0.0002380400
0.0130424800 0.0002377000
0.0130189200 0.0002373600
0.0129953600 0.0002370300
0.0129718000 0.0002366900
0.0129482400 0.0002363700
0.0129246800 0.0002360400
0.0129011200 0.0002357200
0.0128775600 0.0002354000
0.0128540100 0.0002350800
0.0128304500 0.0002347700
0.0128068900 0.0002344600
0.0127833300 0.0002341600
0.0127597700 0.0002338500
0.0127362100 0.0002335500
0.0127126500 0.0002332500
0.0126891000 0.0002329500
0.0126655400 0.0002326700
0.0126419800 0.0002323700
0.0126184200 0.0002320800
0.0125948600 0.0002318000
0.0125713000 0.0002315200
0.0125477400 0.0002312300
0.0125241800 0.0002309600
0.0125006300 0.0002306800
0.0124770700 0.0002304100
0.0124535100 0.0002301400
0.0124299500 0.0002298800
0.0124063900 0.0002296100
0.0123828300 0.0002293500
0.0123592700 0.0002290900
0.0123357100 0.0002288400
0.0123121600 0.0002285800
0.0122886000 0.0002283300
0.0122650400 0.0002280800
0.0122414800 0.0002278400
0.0122179200 0.0002275900
0.0121943600 0.0002273500
0.0121708000 0.0002271100
0.0121472500 0.0002268800
0.0121236900 0.0002266400
0.0121001300 0.0002264100
0.0120765700 0.0002261800
0.0120530100 0.0002259500
0.0120294500 0.0002257300
0.0120059000 0.0002255100
0.0119823400 0.0002252900
0.0119587800 0.0002250700
0.0119352200 0.0002248600
0.0119116600 0.0002246400
0.0118881000 0.0002244300
0.0118645400 0.0002242200
0.0118409800 0.0002240200
0.0118174200 0.0002238200
0.0117938600 0.0002236200
0.0117703100 0.0002234200
0.0117467500 0.0002232300
0.0117231900 0.0002230400
0.0116996300 0.0002228500
0.0116760700 0.0002226700
0.0116525100 0.0002224800
0.0116289500 0.0002223000
0.0116053900 0.0002221300
0.0115818400 0.0002219500
0.0115582800 0.0002217800
0.0115347200 0.0002216100
0.0115111600 0.0002214400
0.0114876000 0.0002212800
0.0114640400 0.0002211100
0.0114404800 0.0002209600
0.0114169300 0.0002208000
0.0113933700 0.0002206400
0.0113698100 0.0002204900
0.0113462500 0.0002203400
0.0113226900 0.0002202000
0.0112991300 0.0002200500
0.0112755700 0.0002199100
0.0112520100 0.0002197700
0.0112284600 0.0002196400
0.0112049000 0.0002195000
0.0111813400 0.0002193700
0.0111577800 0.0002192500
0.0111342200 0.0002191200
0.0111106600 0.0002189900
0.0110871000 0.0002188700
0.0110635400 0.0002187500
0.0110399900 0.0002186300
0.0110164300 0.0002185100
0.0109928700 0.0002183900
0.0109693100 0.0002182800
0.0109457500 0.0002181600
0.0109221900 0.0002180500
0.0108986300 0.0002179400
0.0108750800 0.0002178300
0.0108515200 0.0002177300
0.0108279600 0.0002176200
0.0108044000 0.0002175100
0.0107808400 0.0002174100
0.0107572900 0.0002173100
0.0107337400 0.0002172100
0.0107101700 0.0002171100
0.0106866100 0.0002170200
0.0106630500 0.0002169200
0.0106394900 0.0002168300
0.0106159300 0.0002167400
0.0105923800 0.0002166500
0.0105688100 0.0002165600
0.0105452500 0.0002164700
0.0105217000 0.0002163900
0.0104981400 0.0002163100
0.0104745800 0.0002162300
0.0104510200 0.0002161500
0.0104274600 0.0002160700
0.0104039000 0.0002160000
0.0103803400 0.0002159300
0.0103567800 0.0002158600
0.0103332300 0.0002158000
0.0103096700 0.0002157300
0.0102861100 0.0002156600
0.0102625500 0.0002156000
0.0102389900 0.0002155300
0.0102154400 0.0002154700
0.0101918800 0.0002154200
0.0101683200 0.0002153600
0.0101447600 0.0002153000
0.0101212000 0.0002152500
0.0100976400 0.0002152000
0.0100740900 0.0002151600
0.0100505300 0.0002151100
0.0100269700 0.0002150600
0.0100034100 0.0002150200
0.0099798600 0.0002149800
0.0099563000 0.0002149400
0.0099327400 0.0002149000
0.0099091800 0.0002148700
0.0098856300 0.0002148300
0.0098620700 0.0002148000
0.0098385100 0.0002147700
0.0098149500 0.0002147400
0.0097913700 0.0002147100
0.0097678200 0.0002146900
0.0097442600 0.0002146600
0.0097207000 0.0002146400
0.0096971400 0.0002146200
0.0096735800 0.0002146100
0.0096500200 0.0002145900
0.0096264600 0.0002145800
0.0096030200 0.0002145700
0.0095793500 0.0002145500
0.0095557900 0.0002145500
0.0095322400 0.0002145400
0.0095086800 0.0002145400
0.0094854200 0.0002145400
0.0094672400 0.0002145300
