0.2365131600 3.9178761800
0.2364008800 3.9131148300
0.2362886000 3.9083563900
0.2361763200 3.9036008700
0.2360640400 3.8988482600
0.2359517600 3.8940985700
0.2358394800 3.8893517800
0.2357272000 3.8846079200
0.2356149200 3.8798669700
0.2355026400 3.8751288700
0.2353903600 3.8703937500
0.2352780800 3.8656615300
0.2351658000 3.8609322300
0.2350535200 3.8562058400
0.2349412400 3.8514823700
0.2348289600 3.8467618100
0.2347166800 3.8420441700
0.2346044000 3.8373294400
0.2344921200 3.8326176200
0.2343798400 3.8279087200
0.2342675600 3.8232027300
0.2341552800 3.8184996600
0.2340430000 3.8137995000
0.2339307200 3.8091022500
0.2338184400 3.8044079200
0.2337061600 3.7997165100
0.2335938800 3.7950280100
0.2334816100 3.7903424200
0.2333693300 3.7856597400
0.2332570500 3.7809799800
0.2331447700 3.7763031400
0.2330324900 3.7716292100
0.2329202100 3.7669581900
0.2328079300 3.7622900900
0.2326956500 3.7576249000
0.2325833700 3.7529626200
0.2324710900 3.7483032600
0.2323588100 3.7436468200
0.2322465300 3.7389932900
0.2321342500 3.7343426700
0.2320219700 3.7296949700
0.2319096900 3.7250501800
0.2317974100 3.7204083000
0.2316851300 3.7157693400
0.2315728500 3.7111333000
0.2314605700 3.7065001600
0.2313482900 3.7018699400
0.2312360100 3.6972426400
0.2311237300 3.6926182500
0.2310114500 3.6879967800
0.2308991700 3.6833782100
0.2307868900 3.6787625700
0.2306746100 3.6741498300
0.2305623300 3.6695400200
0.2304500500 3.6649331100
0.2303377700 3.6603291200
0.2302254900 3.6557280400
0.2301132100 3.6511298800
0.2300009300 3.6465346300
0.2298886500 3.6419423000
0.2297763700 3.6373528800
0.2296640900 3.6327663800
0.2295518100 3.6281828200
0.2294395300 3.6236021300
0.2293272500 3.6190243600
0.2292149700 3.6144495100
0.2291026900 3.6098775700
0.2289904100 3.6053085400
0.2288781300 3.6007424400
0.2287658600 3.5961792700
0.2286535800 3.5916189700
0.2285413000 3.5870616100
0.2284290200 3.5825071600
0.2283167400 3.5779556200
0.2282044600 3.5734070000
0.2280921800 3.5688613000
0.2279799000 3.5643185100
0.2278676200 3.5597786300
0.2277553400 3.5552416600
0.2276430600 3.5507076200
0.2275307800 3.5461764800
0.2274185000 3.5416482600
0.2273062200 3.5371229500
0.2271939400 3.5326005600
0.2270816600 3.5280810800
0.2269693800 3.5235645200
0.2268571000 3.5190508700
0.2267448200 3.5145401300
0.2266325400 3.5100323100
0.2265202600 3.5055274000
0.2264079800 3.5010254100
0.2262957000 3.4965263300
0.2261834200 3.4920301700
0.2260711400 3.4875369200
0.2259588600 3.4830465800
0.2258465800 3.4785591600
0.2257343000 3.4740746500
0.2256220200 3.4695930600
0.2255097400 3.4651143800
0.2253974600 3.4606386100
0.2252851800 3.4561657600
0.2251729000 3.4516958200
0.2250606200 3.4472288000
0.2249483400 3.4427646900
0.2248360600 3.4383035000
0.2247237800 3.4338452200
0.2246115000 3.4293898500
0.2244992200 3.4249374000
0.2243869400 3.4204878600
0.2242746600 3.4160412400
0.2241623900 3.4115975300
0.2240501100 3.4071567300
0.2239378300 3.4027188500
0.2238255500 3.3982838900
0.2237132700 3.3938518300
0.2236009900 3.3894227000
0.2234887100 3.3849964700
0.2233764300 3.3805731600
0.2232641500 3.3761527700
0.2231518700 3.3717352900
0.2230395900 3.3673207200
0.2229273100 3.3629090700
0.2228150300 3.3585003300
0.2227027500 3.3540945000
0.2225904700 3.3496915900
0.2224781900 3.3452916000
0.2223659100 3.3408945100
0.2222536300 3.3365003500
0.2221413500 3.3321090900
0.2220290700 3.3277207500
0.2219167900 3.3233353300
0.2218045100 3.3189528200
0.2216922300 3.3145732200
0.2215799500 3.3101965400
0.2214676700 3.3058227700
0.2213553900 3.3014519200
0.2212431100 3.2970839800
0.2211308300 3.2927189500
0.2210185500 3.2883568400
0.2209062700 3.2839976400
0.2207939900 3.2796413600
0.2206817100 3.2752879900
0.2205694300 3.2709375400
0.2204571500 3.2665900000
0.2203448700 3.2622453700
0.2202325900 3.2579036600
0.2201203100 3.2535648600
0.2200080300 3.2492289800
0.2198957500 3.2448960100
0.2197834700 3.2405659500
0.2196711900 3.2362388100
0.2195589100 3.2319145800
0.2194466400 3.2275932700
0.2193343600 3.2232748700
0.2192220800 3.2189593900
0.2191098000 3.2146468200
0.2189975200 3.2103371600
0.2188852400 3.2060304200
0.2187729600 3.2017265900
0.2186606800 3.1974256800
0.2185484000 3.1931276800
0.2184361200 3.1888326000
0.2183238400 3.1845404300
0.2182115600 3.1802511700
0.2180992800 3.1759648300
0.2179870000 3.1716814000
0.2178747200 3.1674008900
0.2177624400 3.1631232900
0.2176501600 3.1588486000
0.2175378800 3.1545768300
0.2174256000 3.1503079700
0.2173133200 3.1460420300
0.2172010400 3.1417790000
0.2170887600 3.1375188900
0.2169764800 3.1332616900
0.2168642000 3.1290074000
0.2167519200 3.1247560300
0.2166396400 3.1205075700
0.2165273600 3.1162620300
0.2164150800 3.1120194000
0.2163028000 3.1077796900
0.2161905200 3.1035428900
0.2160782400 3.0993090000
0.2159659600 3.0950780300
0.2158536800 3.0908499700
0.2157414000 3.0866248200
0.2156291200 3.0824026000
0.2155168400 3.0781832800
0.2154045600 3.0739668800
0.2152922800 3.0697533900
0.2151800000 3.0655428200
0.2150677200 3.0613351600
0.2149554400 3.0571304200
0.2148431600 3.0529285900
0.2147308900 3.0487296700
0.2146186100 3.0445336700
0.2145063300 3.0403405800
0.2143940500 3.0361504100
0.2142817700 3.0319631500
0.2141694900 3.0277788000
0.2140572100 3.0235973700
0.2139449300 3.0194188500
0.2138326500 3.0152432500
0.2137203700 3.0110705600
0.2136080900 3.0069007900
0.2134958100 3.0027339300
0.2133835300 2.9985699800
0.2132712500 2.9944089500
0.2131589700 2.9902508400
0.2130466900 2.9860956300
0.2129344100 2.9819433400
0.2128221300 2.9777939700
0.2127098500 2.9736475100
0.2125975700 2.9695039600
0.2124852900 2.9653633300
0.2123730100 2.9612256100
0.2122607300 2.9570908100
0.2121484500 2.9529589200
0.2120361700 2.9488299500
0.2119238900 2.9447038800
0.2118116100 2.9405807400
0.2116993300 2.9364605000
0.2115870500 2.9323431900
0.2114747700 2.9282287800
0.2113624900 2.9241172900
0.2112502100 2.9200087200
0.2111379300 2.9159030600
0.2110256500 2.9118003100
0.2109133700 2.9077004700
0.2108010900 2.9036035500
0.2106888100 2.8995095500
0.2105765300 2.8954184600
0.2104642500 2.8913302800
0.2103519700 2.8872450200
0.2102396900 2.8831626700
0.2101274200 2.8790832400
0.2100151400 2.8750067200
0.2099028600 2.8709331100
0.2097905800 2.8668624200
0.2096783000 2.8627946500
0.2095660200 2.8587297800
0.2094537400 2.8546678400
0.2093414600 2.8506088000
0.2092291800 2.8465526800
0.2091169000 2.8424994700
0.2090046200 2.8384491800
0.2088923400 2.8344018100
0.2087800600 2.8303573400
0.2086677800 2.8263157900
0.2085555000 2.8222771600
0.2084432200 2.8182414400
0.2083309400 2.8142086300
0.2082186600 2.8101787400
0.2081063800 2.8061517600
0.2079941000 2.8021277000
0.2078818200 2.7981065500
0.2077695400 2.7940883100
0.2076572600 2.7900729900
0.2075449800 2.7860605800
0.2074327000 2.7820510900
0.2073204200 2.7780445100
0.2072081400 2.7740408500
0.2070958600 2.7700401000
0.2069835800 2.7660422600
0.2068713000 2.7620473400
0.2067590200 2.7580553300
0.2066467400 2.7540662400
0.2065344600 2.7500800600
0.2064221800 2.7460967900
0.2063099000 2.7421164400
0.2061976200 2.7381390100
0.2060853400 2.7341644800
0.2059730600 2.7301928800
0.2058607800 2.7262241800
0.2057485000 2.7222584000
0.2056362200 2.7182955400
0.2055239400 2.7143355900
0.2054116700 2.7103785500
0.2052993900 2.7064244300
0.2051871100 2.7024732200
0.2050748300 2.6985249200
0.2049625500 2.6945795400
0.2048502700 2.6906370800
0.2047379900 2.6866975200
0.2046257100 2.6827608900
0.2045134300 2.6788271600
0.2044011500 2.6748963500
0.2042888700 2.6709684600
0.2041765900 2.6670434800
0.2040643100 2.6631214100
0.2039520300 2.6592022600
0.2038397500 2.6552860200
0.2037274700 2.6513727000
0.2036151900 2.6474622900
0.2035029100 2.6435547900
0.2033906300 2.6396502100
0.2032783500 2.6357485400
0.2031660700 2.6318497900
0.2030537900 2.6279539500
0.2029415100 2.6240610200
0.2028292300 2.6201710100
0.2027169500 2.6162839200
0.2026046700 2.6123997300
0.2024923900 2.6085184700
0.2023801100 2.6046401100
0.2022678300 2.6007646700
0.2021555500 2.5968921500
0.2020432700 2.5930225400
0.2019309900 2.5891558400
0.2018187100 2.5852920600
0.2017064300 2.5814311900
0.2015941500 2.5775732300
0.2014818700 2.5737181900
0.2013695900 2.5698660700
0.2012573100 2.5660168600
0.2011450300 2.5621705600
0.2010327500 2.5583271800
0.2009204700 2.5544867100
0.2008081900 2.5506491500
0.2006959200 2.5468145100
0.2005836400 2.5429827900
0.2004713600 2.5391539700
0.2003590800 2.5353280800
0.2002468000 2.5315050900
0.2001345200 2.5276850200
0.2000222400 2.5238678700
0.1999099600 2.5200536300
0.1997976800 2.5162423000
0.1996854000 2.5124338900
0.1995731200 2.5086283900
0.1994608400 2.5048258000
0.1993485600 2.5010261300
0.1992362800 2.4972293800
0.1991240000 2.4934355300
0.1990117200 2.4896446100
0.1988994400 2.4858565900
0.1987871600 2.4820714900
0.1986748800 2.4782893100
0.1985626000 2.4745100400
0.1984503200 2.4707336800
0.1983380400 2.4669602400
0.1982257600 2.4631897100
0.1981134800 2.4594221000
0.1980012000 2.4556574000
0.1978889200 2.4518956100
0.1977766400 2.4481367400
0.1976643600 2.4443807800
0.1975520800 2.4406277400
0.1974398000 2.4368776100
0.1973275200 2.4331304000
0.1972152400 2.4293861000
0.1971029600 2.4256447100
0.1969906800 2.4219062400
0.1968784000 2.4181706800
0.1967661200 2.4144380400
0.1966538400 2.4107083100
0.1965415600 2.4069814900
0.1964292800 2.4032575900
0.1963170000 2.3995366000
0.1962047200 2.3958185300
0.1960924500 2.3921033700
0.1959801700 2.3883911300
0.1958678900 2.3846818000
0.1957556100 2.3809753800
0.1956433300 2.3772718800
0.1955310500 2.3735713000
0.1954187700 2.3698736200
0.1953064900 2.3661788600
0.1951942100 2.3624870200
0.1950819300 2.3587980900
0.1949696500 2.3551120700
0.1948573700 2.3514289700
0.1947450900 2.3477487800
0.1946328100 2.3440715100
0.1945205300 2.3403971500
0.1944082500 2.3367257000
0.1942959700 2.3330571700
0.1941836900 2.3293915600
0.1940714100 2.3257288500
0.1939591300 2.3220690600
0.1938468500 2.3184121900
0.1937345700 2.3147582300
0.1936222900 2.3111071800
0.1935100100 2.3074590500
0.1933977300 2.3038138300
0.1932854500 2.3001715300
0.1931731700 2.2965321400
0.1930608900 2.2928956700
0.1929486100 2.2892621100
0.1928363300 2.2856314600
0.1927240500 2.2820037300
0.1926117700 2.2783789100
0.1924994900 2.2747570100
0.1923872100 2.2711380200
0.1922749300 2.2675219400
0.1921626500 2.2639087800
0.1920503700 2.2602985300
0.1919380900 2.2566912000
0.1918258100 2.2530867800
0.1917135300 2.2494852800
0.1916012500 2.2458866900
0.1914889700 2.2422910100
0.1913767000 2.2386982500
0.1912644200 2.2351084000
0.1911521400 2.2315214700
0.1910398600 2.2279374500
0.1909275800 2.2243563400
0.1908153000 2.2207781500
0.1907030200 2.2172028800
0.1905907400 2.2136305100
0.1904784600 2.2100610700
0.1903661800 2.2064945300
0.1902539000 2.2029309100
0.1901416200 2.1993702100
0.1900293400 2.1958124100
0.1899170600 2.1922575400
0.1898047800 2.1887055700
0.1896925000 2.1851565300
0.1895802200 2.1816103900
0.1894679400 2.1780671700
0.1893556600 2.1745268600
0.1892433800 2.1709894700
0.1891311000 2.1674550000
0.1890188200 2.1639234300
0.1889065400 2.1603947800
0.1887942600 2.1568690500
0.1886819800 2.1533462300
0.1885697000 2.1498263200
0.1884574200 2.1463093300
0.1883451400 2.1427952500
0.1882328600 2.1392840800
0.1881205800 2.1357758300
0.1880083000 2.1322705000
0.1878960200 2.1287680800
0.1877837400 2.1252685700
0.1876714600 2.1217719800
0.1875591800 2.1182783000
0.1874469000 2.1147875300
0.1873346200 2.1112996800
0.1872223400 2.1078147500
0.1871100600 2.1043327200
0.1869977800 2.1008536200
0.1868855000 2.0973774200
0.1867732200 2.0939041400
0.1866609500 2.0904337800
0.1865486700 2.0869663300
0.1864363900 2.0835017900
0.1863241100 2.0800401700
0.1862118300 2.0765814600
0.1860995500 2.0731256600
0.1859872700 2.0696727800
0.1858749900 2.0662228200
0.1857627100 2.0627757700
0.1856504300 2.0593316300
0.1855381500 2.0558904100
0.1854258700 2.0524521000
0.1853135900 2.0490167000
0.1852013100 2.0455842200
0.1850890300 2.0421546500
0.1849767500 2.0387280000
0.1848644700 2.0353042600
0.1847521900 2.0318834400
0.1846399100 2.0284655300
0.1845276300 2.0250505400
0.1844153500 2.0216384500
0.1843030700 2.0182292900
0.1841907900 2.0148230300
0.1840785100 2.0114197000
0.1839662300 2.0080192700
0.1838539500 2.0046217600
0.1837416700 2.0012271600
0.1836293900 1.9978354800
0.1835171100 1.9944467100
0.1834048300 1.9910608600
0.1832925500 1.9876779200
0.1831802700 1.9842979000
0.1830679900 1.9809207900
0.1829557100 1.9775465900
0.1828434300 1.9741753100
0.1827311500 1.9708069400
0.1826188700 1.9674414800
0.1825065900 1.9640789400
0.1823943100 1.9607193200
0.1822820300 1.9573626100
0.1821697500 1.9540088100
0.1820574700 1.9506579300
0.1819452000 1.9473099600
0.1818329200 1.9439649000
0.1817206400 1.9406227600
0.1816083600 1.9372835400
0.1814960800 1.9339472300
0.1813838000 1.9306138300
0.1812715200 1.9272833400
0.1811592400 1.9239557700
0.1810469600 1.9206311200
0.1809346800 1.9173093800
0.1808224000 1.9139905500
0.1807101200 1.9106746400
0.1805978400 1.9073616400
0.1804855600 1.9040515600
0.1803732800 1.9007443900
0.1802610000 1.8974401300
0.1801487200 1.8941387900
0.1800364400 1.8908403600
0.1799241600 1.8875448500
0.1798118800 1.8842522500
0.1796996000 1.8809625700
0.1795873200 1.8776758000
0.1794750400 1.8743919400
0.1793627600 1.8711110000
0.1792504800 1.8678329700
0.1791382000 1.8645578600
0.1790259200 1.8612856600
0.1789136400 1.8580163700
0.1788013600 1.8547500000
0.1786890800 1.8514865400
0.1785768000 1.8482260000
0.1784645200 1.8449683700
0.1783522400 1.8417136600
0.1782399600 1.8384618600
0.1781276800 1.8352129700
0.1780154000 1.8319670000
0.1779031200 1.8287239400
0.1777908400 1.8254838000
0.1776785600 1.8222465700
0.1775662800 1.8190122600
0.1774540000 1.8157808500
0.1773417300 1.8125523700
0.1772294500 1.8093268000
0.1771171700 1.8061041400
0.1770048900 1.8028843900
0.1768926100 1.7996675600
0.1767803300 1.7964536500
0.1766680500 1.7932426500
0.1765557700 1.7900345600
0.1764434900 1.7868293900
0.1763312100 1.7836271300
0.1762189300 1.7804277900
0.1761066500 1.7772313500
0.1759943700 1.7740378400
0.1758820900 1.7708472400
0.1757698100 1.7676595500
0.1756575300 1.7644747800
0.1755452500 1.7612929200
0.1754329700 1.7581139700
0.1753206900 1.7549379400
0.1752084100 1.7517648200
0.1750961300 1.7485946200
0.1749838500 1.7454273300
0.1748715700 1.7422629300
0.1747592900 1.7391014700
0.1746470100 1.7359429300
0.1745347300 1.7327873000
0.1744224500 1.7296345800
0.1743101700 1.7264847800
0.1741978900 1.7233378900
0.1740856100 1.7201939100
0.1739733300 1.7170528500
0.1738610500 1.7139147100
0.1737487700 1.7107794700
0.1736364900 1.7076471600
0.1735242100 1.7045177500
0.1734119300 1.7013912600
0.1732996500 1.6982676900
0.1731873700 1.6951470300
0.1730750900 1.6920292800
0.1729628100 1.6889144500
0.1728505300 1.6858025300
0.1727382500 1.6826935300
0.1726259800 1.6795874400
0.1725137000 1.6764842600
0.1724014200 1.6733840000
0.1722891400 1.6702866500
0.1721768600 1.6671922200
0.1720645800 1.6641007000
0.1719523000 1.6610120900
0.1718400200 1.6579264000
0.1717277400 1.6548436300
0.1716154600 1.6517637700
0.1715031800 1.6486868200
0.1713909000 1.6456127800
0.1712786200 1.6425416600
0.1711663400 1.6394734600
0.1710540600 1.6364081700
0.1709417800 1.6333457900
0.1708295000 1.6302863300
0.1707172200 1.6272297800
0.1706049400 1.6241761500
0.1704926600 1.6211254300
0.1703803800 1.6180776200
0.1702681000 1.6150327300
0.1701558200 1.6119907500
0.1700435400 1.6089516900
0.1699312600 1.6059155400
0.1698189800 1.6028823000
0.1697067000 1.5998519800
0.1695944200 1.5968245800
0.1694821400 1.5938000800
0.1693698600 1.5907785100
0.1692575800 1.5877598400
0.1691453000 1.5847440900
0.1690330200 1.5817312600
0.1689207400 1.5787213400
0.1688084600 1.5757143300
0.1686961800 1.5727102400
0.1685839000 1.5697090600
0.1684716200 1.5667107900
0.1683593400 1.5637154400
0.1682470600 1.5607230100
0.1681347800 1.5577334900
0.1680225000 1.5547468800
0.1679102300 1.5517631800
0.1677979500 1.5487824000
0.1676856700 1.5458045400
0.1675733900 1.5428295900
0.1674611100 1.5398575500
0.1673488300 1.5368884300
0.1672365500 1.5339222200
0.1671242700 1.5309589300
0.1670119900 1.5279985500
0.1668997100 1.5250410800
0.1667874300 1.5220865300
0.1666751500 1.5191348900
0.1665628700 1.5161861700
0.1664505900 1.5132403600
0.1663383100 1.5102974700
0.1662260300 1.5073574900
0.1661137500 1.5044204200
0.1660014700 1.5014862700
0.1658891900 1.4985550300
0.1657769100 1.4956267100
0.1656646300 1.4927013000
0.1655523500 1.4897788000
0.1654400700 1.4868592200
0.1653277900 1.4839425600
0.1652155100 1.4810288000
0.1651032300 1.4781179600
0.1649909500 1.4752100400
0.1648786700 1.4723050300
0.1647663900 1.4694029300
0.1646541100 1.4665037500
0.1645418300 1.4636074900
0.1644295500 1.4607141300
0.1643172700 1.4578236900
0.1642049900 1.4549361700
0.1640927100 1.4520515600
0.1639804300 1.4491698600
0.1638681500 1.4462910800
0.1637558700 1.4434152100
0.1636435900 1.4405422600
0.1635313100 1.4376722200
0.1634190300 1.4348050900
0.1633067600 1.4319408800
0.1631944800 1.4290795900
0.1630822000 1.4262212000
0.1629699200 1.4233657300
0.1628576400 1.4205131800
0.1627453600 1.4176635400
0.1626330800 1.4148168100
0.1625208000 1.4119730000
0.1624085200 1.4091321100
0.1622962400 1.4062941200
0.1621839600 1.4034590500
0.1620716800 1.4006269000
0.1619594000 1.3977976600
0.1618471200 1.3949713300
0.1617348400 1.3921479200
0.1616225600 1.3893274200
0.1615102800 1.3865098400
0.1613980000 1.3836951700
0.1612857200 1.3808834100
0.1611734400 1.3780745700
0.1610611600 1.3752686400
0.1609488800 1.3724656300
0.1608366000 1.3696655300
0.1607243200 1.3668683500
0.1606120400 1.3640740800
0.1604997600 1.3612827200
0.1603874800 1.3584942800
0.1602752000 1.3557087500
0.1601629200 1.3529261400
0.1600506400 1.3501464400
0.1599383600 1.3473696500
0.1598260800 1.3445957800
0.1597138000 1.3418248300
0.1596015200 1.3390567900
0.1594892400 1.3362916600
0.1593769600 1.3335294400
0.1592646800 1.3307701400
0.1591524000 1.3280137600
0.1590401200 1.3252602900
0.1589278400 1.3225097300
0.1588155600 1.3197620900
0.1587032800 1.3170173600
0.1585910100 1.3142755400
0.1584787300 1.3115366400
0.1583664500 1.3088006600
0.1582541700 1.3060675800
0.1581418900 1.3033374300
0.1580296100 1.3006101800
0.1579173300 1.2978858500
0.1578050500 1.2951644400
0.1576927700 1.2924459400
0.1575804900 1.2897303500
0.1574682100 1.2870176800
0.1573559300 1.2843079200
0.1572436500 1.2816010800
0.1571313700 1.2788971500
0.1570190900 1.2761961300
0.1569068100 1.2734980300
0.1567945300 1.2708028400
0.1566822500 1.2681105700
0.1565699700 1.2654212100
0.1564576900 1.2627347700
0.1563454100 1.2600512300
0.1562331300 1.2573706200
0.1561208500 1.2546929200
0.1560085700 1.2520181300
0.1558962900 1.2493462500
0.1557840100 1.2466773000
0.1556717300 1.2440112500
0.1555594500 1.2413481200
0.1554471700 1.2386879000
0.1553348900 1.2360306000
0.1552226100 1.2333762100
0.1551103300 1.2307247400
0.1549980500 1.2280761800
0.1548857700 1.2254305300
0.1547734900 1.2227878000
0.1546612100 1.2201479800
0.1545489300 1.2175110800
0.1544366500 1.2148770900
0.1543243700 1.2122460100
0.1542120900 1.2096178500
0.1540998100 1.2069926100
0.1539875300 1.2043702800
0.1538752600 1.2017508600
0.1537629800 1.1991343500
0.1536507000 1.1965207600
0.1535384200 1.1939100900
0.1534261400 1.1913023300
0.1533138600 1.1886974800
0.1532015800 1.1860955500
0.1530893000 1.1834965300
0.1529770200 1.1809004200
0.1528647400 1.1783072300
0.1527524600 1.1757169600
0.1526401800 1.1731296000
0.1525279000 1.1705451500
0.1524156200 1.1679636200
0.1523033400 1.1653850000
0.1521910600 1.1628092900
0.1520787800 1.1602365000
0.1519665000 1.1576666200
0.1518542200 1.1550996600
0.1517419400 1.1525356100
0.1516296600 1.1499744800
0.1515173800 1.1474162600
0.1514051000 1.1448609500
0.1512928200 1.1423085600
0.1511805400 1.1397590900
0.1510682600 1.1372125200
0.1509559800 1.1346688700
0.1508437000 1.1321281400
0.1507314200 1.1295903200
0.1506191400 1.1270554100
0.1505068600 1.1245234200
0.1503945800 1.1219943400
0.1502823000 1.1194681800
0.1501700200 1.1169449300
0.1500577400 1.1144246000
0.1499454600 1.1119071700
0.1498331800 1.1093926700
0.1497209000 1.1068810800
0.1496086200 1.1043724000
0.1494963400 1.1018666300
0.1493840600 1.0993637800
0.1492717800 1.0968638500
0.1491595100 1.0943668300
0.1490472300 1.0918727200
0.1489349500 1.0893815300
0.1488226700 1.0868932500
0.1487103900 1.0844078800
0.1485981100 1.0819254300
0.1484858300 1.0794458900
0.1483735500 1.0769692700
0.1482612700 1.0744955600
0.1481489900 1.0720247700
0.1480367100 1.0695568900
0.1479244300 1.0670919300
0.1478121500 1.0646298800
0.1476998700 1.0621707400
0.1475875900 1.0597145200
0.1474753100 1.0572612100
0.1473630300 1.0548108100
0.1472507500 1.0523633300
0.1471384700 1.0499187700
0.1470261900 1.0474771200
0.1469139100 1.0450383800
0.1468016300 1.0426025600
0.1466893500 1.0401696500
0.1465770700 1.0377396500
0.1464647900 1.0353125700
0.1463525100 1.0328884000
0.1462402300 1.0304671500
0.1461279500 1.0280488100
0.1460156700 1.0256333900
0.1459033900 1.0232208800
0.1457911100 1.0208112900
0.1456788300 1.0184046000
0.1455665500 1.0160008400
0.1454542700 1.0135999800
0.1453419900 1.0112020500
0.1452297100 1.0088070200
0.1451174300 1.0064149100
0.1450051500 1.0040257200
0.1448928700 1.0016394300
0.1447805900 0.9992560700
0.1446683100 0.9968756100
0.1445560400 0.9944980700
0.1444437600 0.9921234500
0.1443314800 0.9897517400
0.1442192000 0.9873829400
0.1441069200 0.9850170600
0.1439946400 0.9826540900
0.1438823600 0.9802940400
0.1437700800 0.9779369000
0.1436578000 0.9755826700
0.1435455200 0.9732313600
0.1434332400 0.9708829600
0.1433209600 0.9685374800
0.1432086800 0.9661949100
0.1430964000 0.9638552600
0.1429841200 0.9615185200
0.1428718400 0.9591846900
0.1427595600 0.9568537800
0.1426472800 0.9545257800
0.1425350000 0.9522007000
0.1424227200 0.9498785300
0.1423104400 0.9475592700
0.1421981600 0.9452429300
0.1420858800 0.9429295100
0.1419736000 0.9406189900
0.1418613200 0.9383113900
0.1417490400 0.9360067100
0.1416367600 0.9337049400
0.1415244800 0.9314060800
0.1414122000 0.9291101400
0.1412999200 0.9268171200
0.1411876400 0.9245270000
0.1410753600 0.9222398000
0.1409630800 0.9199555200
0.1408508000 0.9176741500
0.1407385200 0.9153956900
0.1406262400 0.9131201500
0.1405139600 0.9108475200
0.1404016800 0.9085778100
0.1402894000 0.9063110100
0.1401771200 0.9040471200
0.1400648400 0.9017861500
0.1399525600 0.8995281000
0.1398402900 0.8972729500
0.1397280100 0.8950207300
0.1396157300 0.8927714100
0.1395034500 0.8905250100
0.1393911700 0.8882815300
0.1392788900 0.8860409500
0.1391666100 0.8838033000
0.1390543300 0.8815685500
0.1389420500 0.8793367200
0.1388297700 0.8771078100
0.1387174900 0.8748818100
0.1386052100 0.8726587200
0.1384929300 0.8704385500
0.1383806500 0.8682212900
0.1382683700 0.8660069500
0.1381560900 0.8637955200
0.1380438100 0.8615870000
0.1379315300 0.8593814000
0.1378192500 0.8571787200
0.1377069700 0.8549789400
0.1375946900 0.8527820800
0.1374824100 0.8505881400
0.1373701300 0.8483971100
0.1372578500 0.8462089900
0.1371455700 0.8440237900
0.1370332900 0.8418415000
0.1369210100 0.8396621300
0.1368087300 0.8374856700
0.1366964500 0.8353121300
0.1365841700 0.8331415000
0.1364718900 0.8309737800
0.1363596100 0.8288089800
0.1362473300 0.8266470900
0.1361350500 0.8244881100
0.1360227700 0.8223320600
0.1359104900 0.8201789100
0.1357982100 0.8180286800
0.1356859300 0.8158813600
0.1355736500 0.8137369600
0.1354613700 0.8115954700
0.1353490900 0.8094569000
0.1352368100 0.8073212300
0.1351245400 0.8051884900
0.1350122600 0.8030586600
0.1348999800 0.8009317400
0.1347877000 0.7988077400
0.1346754200 0.7966866500
0.1345631400 0.7945684700
0.1344508600 0.7924532100
0.1343385800 0.7903408600
0.1342263000 0.7882314300
0.1341140200 0.7861249100
0.1340017400 0.7840213100
0.1338894600 0.7819206200
0.1337771800 0.7798228400
0.1336649000 0.7777279800
0.1335526200 0.7756360300
0.1334403400 0.7735470000
0.1333280600 0.7714608800
0.1332157800 0.7693776800
0.1331035000 0.7672973900
0.1329912200 0.7652200100
0.1328789400 0.7631455500
0.1327666600 0.7610740000
0.1326543800 0.7590053700
0.1325421000 0.7569396500
0.1324298200 0.7548768400
0.1323175400 0.7528169500
0.1322052600 0.7507599800
0.1320929800 0.7487059100
0.1319807000 0.7466547600
0.1318684200 0.7446065300
0.1317561400 0.7425612100
0.1316438600 0.7405188000
0.1315315800 0.7384793100
0.1314193000 0.7364427400
0.1313070200 0.7344090700
0.1311947400 0.7323783200
0.1310824600 0.7303504900
0.1309701800 0.7283255700
0.1308579000 0.7263035600
0.1307456200 0.7242844700
0.1306333400 0.7222682900
0.1305210700 0.7202550300
0.1304087900 0.7182446800
0.1302965100 0.7162372400
0.1301842300 0.7142327200
0.1300719500 0.7122311100
0.1299596700 0.7102324200
0.1298473900 0.7082366400
0.1297351100 0.7062437800
0.1296228300 0.7042538300
0.1295105500 0.7022667900
0.1293982700 0.7002826700
0.1292859900 0.6983014600
0.1291737100 0.6963231700
0.1290614300 0.6943477900
0.1289491500 0.6923753300
0.1288368700 0.6904057800
0.1287245900 0.6884391400
0.1286123100 0.6864754200
0.1285000300 0.6845146100
0.1283877500 0.6825567100
0.1282754700 0.6806017300
0.1281631900 0.6786496700
0.1280509100 0.6767005200
0.1279386300 0.6747542800
0.1278263500 0.6728109600
0.1277140700 0.6708705500
0.1276017900 0.6689330500
0.1274895100 0.6669984700
0.1273772300 0.6650668100
0.1272649500 0.6631380600
0.1271526700 0.6612122200
0.1270403900 0.6592893000
0.1269281100 0.6573692900
0.1268158300 0.6554521900
0.1267035500 0.6535380100
0.1265912700 0.6516267400
0.1264789900 0.6497183900
0.1263667100 0.6478129500
0.1262544300 0.6459104300
0.1261421500 0.6440108200
0.1260298700 0.6421141200
0.1259175900 0.6402203400
0.1258053200 0.6383294700
0.1256930400 0.6364415200
0.1255807600 0.6345564800
0.1254684800 0.6326743600
0.1253562000 0.6307951500
0.1252439200 0.6289188500
0.1251316400 0.6270454700
0.1250193600 0.6251750000
0.1249070800 0.6233074500
0.1247948000 0.6214428100
0.1246825200 0.6195810800
0.1245702400 0.6177222700
0.1244579600 0.6158663800
0.1243456800 0.6140133900
0.1242334000 0.6121633200
0.1241211200 0.6103161700
0.1240088400 0.6084719300
0.1238965600 0.6066306000
0.1237842800 0.6047921900
0.1236720000 0.6029567000
0.1235597200 0.6011241100
0.1234474400 0.5992944400
0.1233351600 0.5974676900
0.1232228800 0.5956438500
0.1231106000 0.5938229200
0.1229983200 0.5920049100
0.1228860400 0.5901898100
0.1227737600 0.5883776300
0.1226614800 0.5865683600
0.1225492000 0.5847620000
0.1224369200 0.5829585600
0.1223246400 0.5811580300
0.1222123600 0.5793604200
0.1221000800 0.5775657200
0.1219878000 0.5757739400
0.1218755200 0.5739850700
0.1217632400 0.5721991100
0.1216509600 0.5704160700
0.1215386800 0.5686359400
0.1214264000 0.5668587300
0.1213141200 0.5650844300
0.1212018400 0.5633130500
0.1210895700 0.5615445800
0.1209772900 0.5597790200
0.1208650100 0.5580163800
0.1207527300 0.5562566500
0.1206404500 0.5544998300
0.1205281700 0.5527459300
0.1204158900 0.5509949500
0.1203036100 0.5492468800
0.1201913300 0.5475017200
0.1200790500 0.5457594800
0.1199667700 0.5440201500
0.1198544900 0.5422837400
0.1197422100 0.5405502300
0.1196299300 0.5388196500
0.1195176500 0.5370919800
0.1194053700 0.5353672200
0.1192930900 0.5336453800
0.1191808100 0.5319264500
0.1190685300 0.5302104300
0.1189562500 0.5284973300
0.1188439700 0.5267871400
0.1187316900 0.5250798700
0.1186194100 0.5233755100
0.1185071300 0.5216740700
0.1183948500 0.5199755400
0.1182825700 0.5182799200
0.1181702900 0.5165872200
0.1180580100 0.5148974400
0.1179457300 0.5132105600
0.1178334500 0.5115266000
0.1177211700 0.5098455600
0.1176088900 0.5081674300
0.1174966100 0.5064922100
0.1173843300 0.5048199100
0.1172720500 0.5031505200
0.1171597700 0.5014840500
0.1170474900 0.4998204900
0.1169352100 0.4981598400
0.1168229300 0.4965021100
0.1167106500 0.4948473000
0.1165983700 0.4931953900
0.1164861000 0.4915464100
0.1163738200 0.4899003300
0.1162615400 0.4882571700
0.1161492600 0.4866169300
0.1160369800 0.4849795900
0.1159247000 0.4833451800
0.1158124200 0.4817136700
0.1157001400 0.4800850800
0.1155878600 0.4784594100
0.1154755800 0.4768366500
0.1153633000 0.4752168000
0.1152510200 0.4735998700
0.1151387400 0.4719858500
0.1150264600 0.4703747500
0.1149141800 0.4687665600
0.1148019000 0.4671612800
0.1146896200 0.4655589200
0.1145773400 0.4639594800
0.1144650600 0.4623629400
0.1143527800 0.4607693200
0.1142405000 0.4591786200
0.1141282200 0.4575908300
0.1140159400 0.4560059500
0.1139036600 0.4544239900
0.1137913800 0.4528449400
0.1136791000 0.4512688100
0.1135668200 0.4496955900
0.1134545400 0.4481252900
0.1133422600 0.4465579000
0.1132299800 0.4449934200
0.1131177000 0.4434318600
0.1130054200 0.4418732100
0.1128931400 0.4403174800
0.1127808600 0.4387646600
0.1126685800 0.4372147500
0.1125563000 0.4356677600
0.1124440200 0.4341236800
0.1123317400 0.4325825200
0.1122194600 0.4310442700
0.1121071800 0.4295089400
0.1119949000 0.4279765200
0.1118826200 0.4264470100
0.1117703500 0.4249204200
0.1116580700 0.4233967400
0.1115457900 0.4218759800
0.1114335100 0.4203581300
0.1113212300 0.4188431900
0.1112089500 0.4173311700
0.1110966700 0.4158220700
0.1109843900 0.4143158700
0.1108721100 0.4128125900
0.1107598300 0.4113122300
0.1106475500 0.4098147800
0.1105352700 0.4083202500
0.1104229900 0.4068286200
0.1103107100 0.4053399200
0.1101984300 0.4038541200
0.1100861500 0.4023712400
0.1099738700 0.4008912800
0.1098615900 0.3994142300
0.1097493100 0.3979400900
0.1096370300 0.3964688700
0.1095247500 0.3950005600
0.1094124700 0.3935351700
0.1093001900 0.3920726900
0.1091879100 0.3906131300
0.1090756300 0.3891564700
0.1089633500 0.3877027400
0.1088510700 0.3862519200
0.1087387900 0.3848040100
0.1086265100 0.3833590100
0.1085142300 0.3819169300
0.1084019500 0.3804777700
0.1082896700 0.3790415200
0.1081773900 0.3776081800
0.1080651100 0.3761777600
0.1079528300 0.3747502500
0.1078405500 0.3733256500
0.1077282700 0.3719039700
0.1076159900 0.3704852000
0.1075037100 0.3690693500
0.1073914300 0.3676564100
0.1072791500 0.3662463900
0.1071668700 0.3648392800
0.1070546000 0.3634350900
0.1069423200 0.3620338000
0.1068300400 0.3606354400
0.1067177600 0.3592399900
0.1066054800 0.3578474500
0.1064932000 0.3564578200
0.1063809200 0.3550711100
0.1062686400 0.3536873200
0.1061563600 0.3523064300
0.1060440800 0.3509284700
0.1059318000 0.3495534100
0.1058195200 0.3481812700
0.1057072400 0.3468120500
0.1055949600 0.3454457400
0.1054826800 0.3440823400
0.1053704000 0.3427218600
0.1052581200 0.3413642900
0.1051458400 0.3400096400
0.1050335600 0.3386579000
0.1049212800 0.3373090700
0.1048090000 0.3359631600
0.1046967200 0.3346201700
0.1045844400 0.3332800800
0.1044721600 0.3319429100
0.1043598800 0.3306086600
0.1042476000 0.3292773200
0.1041353200 0.3279488900
0.1040230400 0.3266233800
0.1039107600 0.3253007800
0.1037984800 0.3239811000
0.1036862000 0.3226643300
0.1035739200 0.3213504800
0.1034616400 0.3200395300
0.1033493600 0.3187315100
0.1032370800 0.3174264000
0.1031248000 0.3161242000
0.1030125200 0.3148249100
0.1029002400 0.3135285400
0.1027879600 0.3122350900
0.1026756800 0.3109445500
0.1025634000 0.3096569200
0.1024511200 0.3083722100
0.1023388500 0.3070904100
0.1022265700 0.3058115200
0.1021142900 0.3045355500
0.1020020100 0.3032625000
0.1018897300 0.3019923500
0.1017774500 0.3007251300
0.1016651700 0.2994608100
0.1015528900 0.2981994100
0.1014406100 0.2969409300
0.1013283300 0.2956853600
0.1012160500 0.2944327000
0.1011037700 0.2931829600
0.1009914900 0.2919361300
0.1008792100 0.2906922200
0.1007669300 0.2894512200
0.1006546500 0.2882131300
0.1005423700 0.2869779600
0.1004300900 0.2857457000
0.1003178100 0.2845163600
0.1002055300 0.2832899300
0.1000932500 0.2820664100
0.0999809700 0.2808458100
0.0998686900 0.2796281300
0.0997564100 0.2784133600
0.0996441300 0.2772015000
0.0995318500 0.2759925500
0.0994195700 0.2747865200
0.0993072900 0.2735834100
0.0991950100 0.2723832100
0.0990827300 0.2711859200
0.0989704500 0.2699915500
0.0988581700 0.2688000900
0.0987458900 0.2676115500
0.0986336100 0.2664259200
0.0985213300 0.2652432000
0.0984090500 0.2640634000
0.0982967700 0.2628865100
0.0981844900 0.2617125400
0.0980722100 0.2605414800
0.0979599300 0.2593733300
0.0978476500 0.2582081000
0.0977353800 0.2570457900
0.0976231000 0.2558863800
0.0975108200 0.2547299000
0.0973985400 0.2535763200
0.0972862600 0.2524256600
0.0971739800 0.2512779200
0.0970617000 0.2501330900
0.0969494200 0.2489911700
0.0968371400 0.2478521700
0.0967248600 0.2467160800
0.0966125800 0.2455829000
0.0965003000 0.2444526400
0.0963880200 0.2433253000
0.0962757400 0.2422008600
0.0961634600 0.2410793500
0.0960511800 0.2399607400
0.0959389000 0.2388450500
0.0958266200 0.2377322800
0.0957143400 0.2366224200
0.0956020600 0.2355154700
0.0954897800 0.2344114400
0.0953775000 0.2333103200
0.0952652200 0.2322121200
0.0951529400 0.2311168300
0.0950406600 0.2300244500
0.0949283800 0.2289349900
0.0948161000 0.2278484400
0.0947038200 0.2267648100
0.0945915400 0.2256840900
0.0944792600 0.2246062900
0.0943669800 0.2235314000
0.0942547000 0.2224594200
0.0941424200 0.2213903600
0.0940301400 0.2203242100
0.0939178600 0.2192609800
0.0938055800 0.2182006600
0.0936933000 0.2171432500
0.0935810200 0.2160887600
0.0934687400 0.2150371900
0.0933564600 0.2139885200
0.0932441800 0.2129427700
0.0931319000 0.2118999400
0.0930196300 0.2108600200
0.0929073500 0.2098230100
0.0927950700 0.2087889200
0.0926827900 0.2077577500
0.0925705100 0.2067294800
0.0924582300 0.2057041300
0.0923459500 0.2046817000
0.0922336700 0.2036621800
0.0921213900 0.2026455700
0.0920091100 0.2016318800
0.0918968300 0.2006211000
0.0917845500 0.1996132400
0.0916722700 0.1986082900
0.0915599900 0.1976062500
0.0914477100 0.1966071300
0.0913354300 0.1956109300
0.0912231500 0.1946176300
0.0911108700 0.1936272500
0.0909985900 0.1926397900
0.0908863100 0.1916552400
0.0907740300 0.1906736000
0.0906617500 0.1896948800
0.0905494700 0.1887190800
0.0904371900 0.1877461800
0.0903249100 0.1867762000
0.0902126300 0.1858091400
0.0901003500 0.1848449900
0.0899880700 0.1838837500
0.0898757900 0.1829254300
0.0897635100 0.1819700200
0.0896512300 0.1810175300
0.0895389500 0.1800679500
0.0894266700 0.1791212800
0.0893143900 0.1781775300
0.0892021100 0.1772366900
0.0890898300 0.1762987700
0.0889775500 0.1753637600
0.0888652700 0.1744316700
0.0887529900 0.1735024900
0.0886407100 0.1725762200
0.0885284300 0.1716528700
0.0884161500 0.1707324300
0.0883038800 0.1698149100
0.0881916000 0.1689003000
0.0880793200 0.1679886000
0.0879670400 0.1670798200
0.0878547600 0.1661739600
0.0877424800 0.1652710000
0.0876302000 0.1643709700
0.0875179200 0.1634738400
0.0874056400 0.1625796300
0.0872933600 0.1616883400
0.0871810800 0.1607999600
0.0870688000 0.1599144900
0.0869565200 0.1590319400
0.0868442400 0.1581523000
0.0867319600 0.1572755700
0.0866196800 0.1564017600
0.0865074000 0.1555308700
0.0863951200 0.1546628800
0.0862828400 0.1537978200
0.0861705600 0.1529356600
0.0860582800 0.1520764200
0.0859460000 0.1512201000
0.0858337200 0.1503666900
0.0857214400 0.1495161900
0.0856091600 0.1486686100
0.0854968800 0.1478239400
0.0853846000 0.1469821900
0.0852723200 0.1461433500
0.0851600400 0.1453074200
0.0850477600 0.1444744100
0.0849354800 0.1436443100
0.0848232000 0.1428171300
0.0847109200 0.1419928600
0.0845986400 0.1411715000
0.0844863600 0.1403530600
0.0843740800 0.1395375400
0.0842618000 0.1387249300
0.0841495200 0.1379152300
0.0840372400 0.1371084400
0.0839249600 0.1363045700
0.0838126800 0.1355036200
0.0837004100 0.1347055800
0.0835881300 0.1339104500
0.0834758500 0.1331182400
0.0833635700 0.1323289400
0.0832512900 0.1315425600
0.0831390100 0.1307590900
0.0830267300 0.1299785300
0.0829144500 0.1292008900
0.0828021700 0.1284261600
0.0826898900 0.1276543500
0.0825776100 0.1268854500
0.0824653300 0.1261194600
0.0823530500 0.1253563900
0.0822407700 0.1245962400
0.0821284900 0.1238389900
0.0820162100 0.1230846700
0.0819039300 0.1223332500
0.0817916500 0.1215847500
0.0816793700 0.1208391700
0.0815670900 0.1200965000
0.0814548100 0.1193567400
0.0813425300 0.1186199000
0.0812302500 0.1178859700
0.0811179700 0.1171549500
0.0810056900 0.1164268500
0.0808934100 0.1157016700
0.0807811300 0.1149794000
0.0806688500 0.1142600400
0.0805565700 0.1135435900
0.0804442900 0.1128300700
0.0803320100 0.1121194500
0.0802197300 0.1114117500
0.0801074500 0.1107069600
0.0799951700 0.1100050900
0.0798828900 0.1093061300
0.0797706100 0.1086100900
0.0796583300 0.1079169600
0.0795460500 0.1072267400
0.0794337700 0.1065394400
0.0793214900 0.1058550500
0.0792092100 0.1051735800
0.0790969300 0.1044950200
0.0789846600 0.1038193800
0.0788723800 0.1031466500
0.0787601000 0.1024768300
0.0786478200 0.1018099300
0.0785355400 0.1011459400
0.0784232600 0.1004848700
0.0783109800 0.0998267100
0.0781987000 0.0991714600
0.0780864200 0.0985191300
0.0779741400 0.0978697200
0.0778618600 0.0972232100
0.0777495800 0.0965796300
0.0776373000 0.0959389500
0.0775250200 0.0953011900
0.0774127400 0.0946663500
0.0773004600 0.0940344200
0.0771881800 0.0934054000
0.0770759000 0.0927792900
0.0769636200 0.0921561100
0.0768513400 0.0915358300
0.0767390600 0.0909184700
0.0766267800 0.0903040200
0.0765145000 0.0896924900
0.0764022200 0.0890838700
0.0762899400 0.0884781700
0.0761776600 0.0878753800
0.0760653800 0.0872755100
0.0759531000 0.0866785500
0.0758408200 0.0860845000
0.0757285400 0.0854933700
0.0756162600 0.0849051500
0.0755039800 0.0843198400
0.0753917000 0.0837374500
0.0752794200 0.0831579800
0.0751671400 0.0825814200
0.0750548600 0.0820077700
0.0749425800 0.0814370400
0.0748303000 0.0808692200
0.0747180200 0.0803043100
0.0746057400 0.0797423200
0.0744934600 0.0791832400
0.0743811800 0.0786270800
0.0742689100 0.0780738300
0.0741566300 0.0775235000
0.0740443500 0.0769760800
0.0739320700 0.0764315800
0.0738197900 0.0758899900
0.0737075100 0.0753513100
0.0735952300 0.0748155500
0.0734829500 0.0742827000
0.0733706700 0.0737527600
0.0732583900 0.0732257400
0.0731461100 0.0727016400
0.0730338300 0.0721804400
0.0729215500 0.0716621700
0.0728092700 0.0711468000
0.0726969900 0.0706343600
0.0725847100 0.0701248200
0.0724724300 0.0696182000
0.0723601500 0.0691144900
0.0722478700 0.0686137000
0.0721355900 0.0681158200
0.0720233100 0.0676208600
0.0719110300 0.0671288100
0.0717987500 0.0666396700
0.0716864700 0.0661534500
0.0715741900 0.0656701500
0.0714619100 0.0651897500
0.0713496300 0.0647122700
0.0712373500 0.0642377100
0.0711250700 0.0637660600
0.0710127900 0.0632973200
0.0709005100 0.0628315000
0.0707882300 0.0623685900
0.0706759500 0.0619086000
0.0705636700 0.0614515200
0.0704513900 0.0609973600
0.0703391100 0.0605461100
0.0702268300 0.0600977700
0.0701145500 0.0596523500
0.0700022700 0.0592098400
0.0698899900 0.0587702500
0.0697777100 0.0583335700
0.0696654400 0.0578998000
0.0695531600 0.0574689500
0.0694408800 0.0570410100
0.0693286000 0.0566159900
0.0692163200 0.0561938700
0.0691040400 0.0557746800
0.0689917600 0.0553584000
0.0688794800 0.0549448100
0.0687672000 0.0545331800
0.0686549200 0.0541234500
0.0685426400 0.0537156200
0.0684303600 0.0533096800
0.0683180800 0.0529056400
0.0682058000 0.0525035000
0.0680935200 0.0521032600
0.0679812400 0.0517049100
0.0678689600 0.0513084600
0.0677566800 0.0509139100
0.0676444000 0.0505212600
0.0675321200 0.0501305000
0.0674198400 0.0497416500
0.0673075600 0.0493546900
0.0671952800 0.0489696200
0.0670830000 0.0485864600
0.0669707200 0.0482051900
0.0668584400 0.0478258200
0.0667461600 0.0474483500
0.0666338800 0.0470727700
0.0665216000 0.0466991000
0.0664093200 0.0463273200
0.0662970400 0.0459574400
0.0661847600 0.0455894500
0.0660724800 0.0452233700
0.0659602000 0.0448591800
0.0658479200 0.0444968800
0.0657356400 0.0441364900
0.0656233600 0.0437780000
0.0655110800 0.0434214000
0.0653988000 0.0430667000
0.0652865200 0.0427138900
0.0651742400 0.0423629900
0.0650619600 0.0420139800
0.0649496900 0.0416668700
0.0648374100 0.0413216500
0.0647251300 0.0409783400
0.0646128500 0.0406369200
0.0645005700 0.0402974000
0.0643882900 0.0399597800
0.0642760100 0.0396240500
0.0641637300 0.0392902300
0.0640514500 0.0389583000
0.0639391700 0.0386282600
0.0638268900 0.0383001300
0.0637146100 0.0379738900
0.0636023300 0.0376495500
0.0634900500 0.0373271100
0.0633777700 0.0370065700
0.0632654900 0.0366879200
0.0631532100 0.0363711700
0.0630409300 0.0360563200
0.0629286500 0.0357433600
0.0628163700 0.0354323100
0.0627040900 0.0351231500
0.0625918100 0.0348158900
0.0624795300 0.0345105200
0.0623672500 0.0342070600
0.0622549700 0.0339054900
0.0621426900 0.0336058200
0.0620304100 0.0333080400
0.0619181300 0.0330121700
0.0618058500 0.0327181900
0.0616935700 0.0324261100
0.0615812900 0.0321359200
0.0614690100 0.0318476400
0.0613567300 0.0315612500
0.0612444500 0.0312767600
0.0611321700 0.0309941700
0.0610198900 0.0307134700
0.0609076100 0.0304346800
0.0607953300 0.0301577800
0.0606830500 0.0298827700
0.0605707700 0.0296096700
0.0604584900 0.0293384600
0.0603462100 0.0290691500
0.0602339400 0.0288017400
0.0601216600 0.0285362200
0.0600093800 0.0282726100
0.0598971000 0.0280108900
0.0597848200 0.0277510700
0.0596725400 0.0274931400
0.0595602600 0.0272371200
0.0594479800 0.0269829900
0.0593357000 0.0267307600
0.0592234200 0.0264804200
0.0591111400 0.0262319900
0.0589988600 0.0259854500
0.0588865800 0.0257408100
0.0587743000 0.0254980700
0.0586620200 0.0252572200
0.0585497400 0.0250182700
0.0584374600 0.0247812200
0.0583251800 0.0245460700
0.0582129000 0.0243128100
0.0581006200 0.0240814600
0.0579883400 0.0238519900
0.0578760600 0.0236244200
0.0577637800 0.0233987600
0.0576515000 0.0231749900
0.0575392200 0.0229531200
0.0574269400 0.0227331500
0.0573146600 0.0225150700
0.0572023800 0.0222989000
0.0570901000 0.0220846200
0.0569778200 0.0218722300
0.0568655400 0.0216617500
0.0567532600 0.0214531600
0.0566409800 0.0212464700
0.0565287000 0.0210416800
0.0564164200 0.0208387900
0.0563041400 0.0206377900
0.0561918600 0.0204386900
0.0560795800 0.0202414900
0.0559673000 0.0200461900
0.0558550200 0.0198527800
0.0557427400 0.0196612700
0.0556304600 0.0194716600
0.0555181900 0.0192839500
0.0554059100 0.0190981300
0.0552936300 0.0189142200
0.0551813500 0.0187322000
0.0550690700 0.0185520700
0.0549567900 0.0183738500
0.0548445100 0.0181975200
0.0547322300 0.0180230900
0.0546199500 0.0178505600
0.0545076700 0.0176799200
0.0543953900 0.0175111800
0.0542831100 0.0173443400
0.0541708300 0.0171794000
0.0540585500 0.0170163600
0.0539462700 0.0168552100
0.0538339900 0.0166959600
0.0537217100 0.0165386100
0.0536094300 0.0163831500
0.0534971500 0.0162296000
0.0533848700 0.0160778000
0.0532725900 0.0159276000
0.0531603100 0.0157790200
0.0530480300 0.0156320500
0.0529357500 0.0154866800
0.0528234700 0.0153429000
0.0527111900 0.0152003100
0.0525989100 0.0150588200
0.0524866300 0.0149184100
0.0523743500 0.0147790900
0.0522620700 0.0146408600
0.0521497900 0.0145037200
0.0520375100 0.0143676700
0.0519252300 0.0142326800
0.0518129500 0.0140986200
0.0517006700 0.0139654200
0.0515883900 0.0138330900
0.0514761100 0.0137016300
0.0513638300 0.0135710300
0.0512515500 0.0134413000
0.0511392700 0.0133124300
0.0510269900 0.0131844300
0.0509147200 0.0130573000
0.0508024400 0.0129310300
0.0506901600 0.0128056300
0.0505778800 0.0126810900
0.0504656000 0.0125574100
0.0503533200 0.0124346100
0.0502410400 0.0123126700
0.0501287600 0.0121915900
0.0500164800 0.0120713900
0.0499042000 0.0119520400
0.0497919200 0.0118335700
0.0496796400 0.0117159600
0.0495673600 0.0115992100
0.0494550800 0.0114833300
0.0493428000 0.0113683200
0.0492305200 0.0112541700
0.0491182400 0.0111408900
0.0490059600 0.0110284700
0.0488936800 0.0109169200
0.0487814000 0.0108062400
0.0486691200 0.0106963900
0.0485568400 0.0105872800
0.0484445600 0.0104789100
0.0483322800 0.0103712500
0.0482200000 0.0102643300
0.0481077200 0.0101581400
0.0479954400 0.0100526800
0.0478831600 0.0099479500
0.0477708800 0.0098439500
0.0476586000 0.0097406800
0.0475463200 0.0096381400
0.0474340400 0.0095363300
0.0473217600 0.0094352500
0.0472094800 0.0093348900
0.0470972000 0.0092352700
0.0469849200 0.0091363800
0.0468726400 0.0090382200
0.0467603600 0.0089407900
0.0466480800 0.0088440800
0.0465358000 0.0087481100
0.0464235200 0.0086528700
0.0463112400 0.0085583600
0.0461989700 0.0084645800
0.0460866900 0.0083715200
0.0459744100 0.0082792000
0.0458621300 0.0081876100
0.0457498500 0.0080967400
0.0456375700 0.0080066100
0.0455252900 0.0079172100
0.0454130100 0.0078285400
0.0453007300 0.0077405900
0.0451884500 0.0076533800
0.0450761700 0.0075668900
0.0449638900 0.0074811400
0.0448516100 0.0073961100
0.0447393300 0.0073118200
0.0446270500 0.0072282500
0.0445147700 0.0071454200
0.0444024900 0.0070633100
0.0442902100 0.0069819400
0.0441779300 0.0069012900
0.0440656500 0.0068213900
0.0439533700 0.0067421900
0.0438410900 0.0066637400
0.0437288100 0.0065860100
0.0436165300 0.0065090200
0.0435042500 0.0064327500
0.0433919700 0.0063572200
0.0432796900 0.0062824100
0.0431674100 0.0062083300
0.0430551300 0.0061349900
0.0429428500 0.0060623700
0.0428305700 0.0059904800
0.0427182900 0.0059193300
0.0426060100 0.0058489000
0.0424937300 0.0057792000
0.0423814500 0.0057102300
0.0422691700 0.0056420000
0.0421568900 0.0055744900
0.0420446100 0.0055077100
0.0419323300 0.0054416600
0.0418200500 0.0053763500
0.0417077700 0.0053117600
0.0415954900 0.0052479000
0.0414832200 0.0051847700
0.0413709400 0.0051223700
0.0412586600 0.0050607000
0.0411463800 0.0049997700
0.0410341000 0.0049395600
0.0409218200 0.0048800800
0.0408095400 0.0048213100
0.0406972600 0.0047632000
0.0405849800 0.0047057400
0.0404727000 0.0046489400
0.0403604200 0.0045927800
0.0402481400 0.0045372700
0.0401358600 0.0044824200
0.0400235800 0.0044282100
0.0399113000 0.0043746600
0.0397990200 0.0043217500
0.0396867400 0.0042695000
0.0395744600 0.0042179000
0.0394621800 0.0041669500
0.0393499000 0.0041166400
0.0392376200 0.0040669900
0.0391253400 0.0040180000
0.0390130600 0.0039696500
0.0389007800 0.0039219500
0.0387885000 0.0038749100
0.0386762200 0.0038285100
0.0385639400 0.0037827700
0.0384516600 0.0037376800
0.0383393800 0.0036932300
0.0382271000 0.0036494400
0.0381148200 0.0036063100
0.0380025400 0.0035638200
0.0378902600 0.0035219800
0.0377779800 0.0034808000
0.0376657000 0.0034402700
0.0375534200 0.0034003900
0.0374411400 0.0033611600
0.0373288600 0.0033225800
0.0372165800 0.0032846000
0.0371043000 0.0032471800
0.0369920200 0.0032103000
0.0368797500 0.0031739800
0.0367674700 0.0031382100
0.0366551900 0.0031029900
0.0365429100 0.0030683300
0.0364306300 0.0030342000
0.0363183500 0.0030005300
0.0362060700 0.0029673200
0.0360937900 0.0029345700
0.0359815100 0.0029022600
0.0358692300 0.0028703700
0.0357569500 0.0028388300
0.0356446700 0.0028076400
0.0355323900 0.0027768000
0.0354201100 0.0027463000
0.0353078300 0.0027161600
0.0351955500 0.0026863600
0.0350832700 0.0026569200
0.0349709900 0.0026278200
0.0348587100 0.0025990800
0.0347464300 0.0025706700
0.0346341500 0.0025425900
0.0345218700 0.0025148000
0.0344095900 0.0024873300
0.0342973100 0.0024601600
0.0341850300 0.0024333000
0.0340727500 0.0024067400
0.0339604700 0.0023804900
0.0338481900 0.0023545500
0.0337359100 0.0023289100
0.0336236300 0.0023035800
0.0335113500 0.0022785500
0.0333990700 0.0022538300
0.0332867900 0.0022294200
0.0331745100 0.0022053100
0.0330622300 0.0021815000
0.0329499500 0.0021580100
0.0328376700 0.0021348200
0.0327253900 0.0021119300
0.0326131100 0.0020893500
0.0325008300 0.0020670800
0.0323885500 0.0020451100
0.0322762700 0.0020234400
0.0321640000 0.0020020500
0.0320517200 0.0019809700
0.0319394400 0.0019601700
0.0318271600 0.0019396700
0.0317148800 0.0019194700
0.0316026000 0.0018995500
0.0314903200 0.0018799200
0.0313780400 0.0018605800
0.0312657600 0.0018415400
0.0311534800 0.0018227900
0.0310412000 0.0018043200
0.0309289200 0.0017861500
0.0308166400 0.0017682600
0.0307043600 0.0017506700
0.0305920800 0.0017333600
0.0304798000 0.0017163500
0.0303675200 0.0016996200
0.0302552400 0.0016831500
0.0301429600 0.0016669400
0.0300306800 0.0016509900
0.0299184000 0.0016353000
0.0298061200 0.0016198800
0.0296938400 0.0016047200
0.0295815600 0.0015898200
0.0294692800 0.0015751900
0.0293570000 0.0015608200
0.0292447200 0.0015467100
0.0291324400 0.0015328600
0.0290201600 0.0015192700
0.0289078800 0.0015059500
0.0287956000 0.0014928300
0.0286833200 0.0014798900
0.0285710400 0.0014671400
0.0284587600 0.0014545500
0.0283464800 0.0014421400
0.0282342000 0.0014299100
0.0281219200 0.0014178600
0.0280096400 0.0014059800
0.0278973600 0.0013942800
0.0277850800 0.0013827500
0.0276728100 0.0013714000
0.0275605300 0.0013601900
0.0274482500 0.0013491400
0.0273359700 0.0013382600
0.0272236900 0.0013275300
0.0271114100 0.0013169700
0.0269991300 0.0013065600
0.0268868500 0.0012962900
0.0267745700 0.0012861300
0.0266622900 0.0012760800
0.0265500100 0.0012661400
0.0264377300 0.0012563100
0.0263254500 0.0012465900
0.0262131700 0.0012369800
0.0261008900 0.0012274700
0.0259886100 0.0012180500
0.0258763300 0.0012087200
0.0257640500 0.0011994800
0.0256517700 0.0011903400
0.0255394900 0.0011812900
0.0254272100 0.0011723200
0.0253149300 0.0011634600
0.0252026500 0.0011546800
0.0250903700 0.0011459900
0.0249780900 0.0011374000
0.0248658100 0.0011289000
0.0247535300 0.0011204800
0.0246412500 0.0011121400
0.0245289700 0.0011039000
0.0244166900 0.0010957300
0.0243044100 0.0010876600
0.0241921300 0.0010796600
0.0240798500 0.0010717600
0.0239675700 0.0010639300
0.0238552900 0.0010562000
0.0237430100 0.0010485500
0.0236307300 0.0010409900
0.0235184500 0.0010335200
0.0234061700 0.0010261500
0.0232938900 0.0010188600
0.0231816100 0.0010116500
0.0230693300 0.0010045300
0.0229570500 0.0009975000
0.0228447800 0.0009905500
0.0227325000 0.0009836800
0.0226202200 0.0009769000
0.0225079400 0.0009702000
0.0223956600 0.0009635900
0.0222833800 0.0009570600
0.0221711000 0.0009506200
0.0220588200 0.0009442600
0.0219465400 0.0009379900
0.0218342600 0.0009318000
0.0217219800 0.0009257000
0.0216097000 0.0009196800
0.0214974200 0.0009137400
0.0213851400 0.0009078700
0.0212728600 0.0009020600
0.0211605800 0.0008963100
0.0210483000 0.0008906200
0.0209360200 0.0008849900
0.0208237400 0.0008794200
0.0207114600 0.0008739100
0.0205991800 0.0008684600
0.0204869000 0.0008630700
0.0203746200 0.0008577400
0.0202623400 0.0008524700
0.0201500600 0.0008472600
0.0200377800 0.0008421300
0.0199255000 0.0008370600
0.0198132200 0.0008320600
0.0197009400 0.0008271400
0.0195886600 0.0008222900
0.0194763800 0.0008175000
0.0193641000 0.0008127900
0.0192518200 0.0008081500
0.0191395400 0.0008035900
0.0190272600 0.0007991100
0.0189149800 0.0007947000
0.0188027000 0.0007903700
0.0186904200 0.0007861200
0.0185781400 0.0007819500
0.0184658600 0.0007778600
0.0183535800 0.0007738400
0.0182413000 0.0007699000
0.0181290300 0.0007660400
0.0180167500 0.0007622500
0.0179044700 0.0007585300
0.0177921900 0.0007548800
0.0176799100 0.0007513000
0.0175676300 0.0007478000
0.0174553500 0.0007443600
0.0173430700 0.0007409900
0.0172307900 0.0007377000
0.0171185100 0.0007344800
0.0170062300 0.0007313300
0.0168939500 0.0007282500
0.0167816700 0.0007252300
0.0166693900 0.0007223000
0.0165571100 0.0007194200
0.0164448300 0.0007166200
0.0163325500 0.0007138800
0.0162202700 0.0007112000
0.0161079900 0.0007085900
0.0159957100 0.0007060300
0.0158834300 0.0007035300
0.0157711500 0.0007011000
0.0156588700 0.0006987400
0.0155465900 0.0006964600
0.0154343100 0.0006942500
0.0153220300 0.0006921200
0.0152097500 0.0006900500
0.0150974700 0.0006880600
0.0149851900 0.0006861400
0.0148729100 0.0006842800
0.0147606300 0.0006824900
0.0146483500 0.0006807700
0.0145360700 0.0006791300
0.0144238000 0.0006775500
0.0143115200 0.0006760300
0.0141992400 0.0006745800
0.0140869600 0.0006732000
0.0139746800 0.0006718800
0.0138624000 0.0006706200
0.0137501200 0.0006694300
0.0136378300 0.0006683100
0.0135255600 0.0006672500
0.0134132800 0.0006662700
0.0133010000 0.0006653600
0.0131887200 0.0006645400
0.0130764400 0.0006638000
0.0129641600 0.0006631600
0.0128519000 0.0006626000
0.0127396500 0.0006621000
0.0126273900 0.0006616700
0.0125152000 0.0006613100
0.0124027700 0.0006610100
0.0122905300 0.0006607700
0.0121788300 0.0006606100
0.0120753300 0.0006605200
0.0119715900 0.0006604800
