  0.0091950000  0.0029387241
  0.0091137962  0.0023928552
  0.0090325924  0.0020509931
  0.0089513887  0.0018122821
  0.0088701849  0.0016690838
  0.0087889811  0.0015552581
  0.0087077773  0.0014513380
  0.0086265736  0.0013573251
  0.0085453698  0.0012732194
  0.0084641660  0.0011990183
  0.0083829622  0.0011347248
  0.0083017584  0.0010803369
  0.0082205547  0.0010341865
  0.0081393509  0.0009917883
  0.0080581471  0.0009524640
  0.0079769433  0.0009148988
  0.0078957396  0.0008787542
  0.0078145358  0.0008440045
  0.0077333320  0.0008106494
  0.0076521282  0.0007786877
  0.0075709244  0.0007481219
  0.0074897207  0.0007189491
  0.0074085169  0.0006911712
  0.0073273131  0.0006646352
  0.0072461093  0.0006392099
  0.0071649056  0.0006149038
  0.0070837018  0.0005917074
  0.0070024980  0.0005696294
  0.0069212942  0.0005486615
  0.0068400904  0.0005287267
  0.0067588867  0.0005098021
  0.0066776829  0.0004918207
  0.0065964791  0.0004745677
  0.0065152753  0.0004579719
  0.0064340716  0.0004419843
  0.0063528678  0.0004265856
  0.0062716640  0.0004117776
  0.0061904602  0.0003975531
  0.0061092564  0.0003839109
  0.0060280527  0.0003708104
  0.0059468489  0.0003582381
  0.0058656451  0.0003461543
  0.0057844413  0.0003343379
  0.0057032376  0.0003227216
  0.0056220338  0.0003113133
  0.0055408300  0.0003001102
  0.0054596262  0.0002891129
  0.0053784224  0.0002783212
  0.0052972187  0.0002677344
  0.0052160149  0.0002573514
  0.0051348111  0.0002471750
  0.0050536073  0.0002372028
  0.0049724036  0.0002274367
  0.0048911998  0.0002178760
  0.0048099960  0.0002085205
  0.0047287922  0.0001993703
  0.0046475884  0.0001904274
  0.0045663847  0.0001816866
  0.0044851809  0.0001731519
  0.0044039771  0.0001648231
  0.0043227733  0.0001566989
  0.0042415696  0.0001487803
  0.0041603658  0.0001410702
  0.0040791620  0.0001335594
  0.0039979582  0.0001262596
  0.0039167544  0.0001191613
  0.0038355507  0.0001122683
  0.0037543469  0.0001055813
  0.0036731431  0.0000991000
  0.0035919393  0.0000928247
  0.0035107356  0.0000867546
  0.0034295318  0.0000808897
  0.0033483280  0.0000752299
  0.0032671242  0.0000697752
  0.0031859204  0.0000645256
  0.0031047167  0.0000594812
  0.0030235129  0.0000546420
  0.0029423091  0.0000500081
  0.0028611053  0.0000455803
  0.0027799015  0.0000413534
  0.0026986978  0.0000373356
  0.0026174940  0.0000335233
  0.0025362902  0.0000299161
  0.0024550864  0.0000265142
  0.0023738827  0.0000233175
  0.0022926789  0.0000203260
  0.0022114751  0.0000175398
  0.0021302713  0.0000149589
  0.0020490675  0.0000125833
  0.0019678638  0.0000104130
  0.0018866600  0.0000084482
  0.0018054562  0.0000066883
  0.0017242524  0.0000051334
  0.0016430487  0.0000037890
  0.0015618449  0.0000026439
  0.0014806411  0.0000017055
  0.0013994373  0.0000009693
  0.0013182335  0.0000004411
  0.0012370298  0.0000001217
  0.0011558260  0.0000000020
