  0.0436721657  0.0375790628
  0.0432524776  0.0260726160
  0.0428327894  0.0182825969
  0.0424131013  0.0142055778
  0.0419934132  0.0120571855
  0.0415737250  0.0103427386
  0.0411540369  0.0090622032
  0.0407343487  0.0080688340
  0.0403146606  0.0072079945
  0.0398949725  0.0064609176
  0.0394752843  0.0058264669
  0.0390555962  0.0052816945
  0.0386359080  0.0047817840
  0.0382162199  0.0043253752
  0.0377965318  0.0039106512
  0.0373768436  0.0035315015
  0.0369571555  0.0031860597
  0.0365374673  0.0028743244
  0.0361177792  0.0025962965
  0.0356980910  0.0023542849
  0.0352784029  0.0021541678
  0.0348587148  0.0019823143
  0.0344390266  0.0018291241
  0.0340193385  0.0016910137
  0.0335996503  0.0015640302
  0.0331799622  0.0014478916
  0.0327602741  0.0013425937
  0.0323405859  0.0012472391
  0.0319208978  0.0011607521
  0.0315012096  0.0010823046
  0.0310815215  0.0010113014
  0.0306618334  0.0009467950
  0.0302421452  0.0008876588
  0.0298224571  0.0008326580
  0.0294027689  0.0007817845
  0.0289830808  0.0007350409
  0.0285633926  0.0006922898
  0.0281437045  0.0006521684
  0.0277240164  0.0006141874
  0.0273043282  0.0005783360
  0.0268846401  0.0005446124
  0.0264649519  0.0005130159
  0.0260452638  0.0004835410
  0.0256255757  0.0004561603
  0.0252058875  0.0004307803
  0.0247861994  0.0004071747
  0.0243665112  0.0003852637
  0.0239468231  0.0003648462
  0.0235271350  0.0003456631
  0.0231074468  0.0003275195
  0.0226877587  0.0003104824
  0.0222680705  0.0002943875
  0.0218483824  0.0002791792
  0.0214286943  0.0002648647
  0.0210090061  0.0002514211
  0.0205893180  0.0002388283
  0.0201696298  0.0002270722
  0.0197499417  0.0002160881
  0.0193302535  0.0002057824
  0.0189105654  0.0001958715
  0.0184908773  0.0001862064
  0.0180711891  0.0001767859
  0.0176515010  0.0001676103
  0.0172318128  0.0001586804
  0.0168121247  0.0001499919
  0.0163924366  0.0001415525
  0.0159727484  0.0001333520
  0.0155530603  0.0001254000
  0.0151333721  0.0001176901
  0.0147136840  0.0001102257
  0.0142939959  0.0001030062
  0.0138743077  0.0000960314
  0.0134546196  0.0000893003
  0.0130349314  0.0000828143
  0.0126152433  0.0000765727
  0.0121955551  0.0000705755
  0.0117758670  0.0000648229
  0.0113561789  0.0000593150
  0.0109364907  0.0000540513
  0.0105168026  0.0000490322
  0.0100971144  0.0000442601
  0.0096774263  0.0000397276
  0.0092577382  0.0000354422
  0.0088380500  0.0000314012
  0.0084183619  0.0000276048
  0.0079986737  0.0000240529
  0.0075789856  0.0000207459
  0.0071592975  0.0000176827
  0.0067396093  0.0000148672
  0.0063199212  0.0000122922
  0.0059002330  0.0000099618
  0.0054805449  0.0000078770
  0.0050608567  0.0000060398
  0.0046411686  0.0000044413
  0.0042214805  0.0000030896
  0.0038017923  0.0000019824
  0.0033821042  0.0000011205
  0.0029624160  0.0000005021
  0.0025427279  0.0000001349
  0.0021230398  0.0000000007
