  0.2365131587  3.9178761789
  0.2341456159  3.8180948386
  0.2317780732  3.7196092223
  0.2294105304  3.6224193301
  0.2270429876  3.5265251619
  0.2246754448  3.4319267178
  0.2223079021  3.3386239977
  0.2199403593  3.2466170017
  0.2175728165  3.1559057298
  0.2152052738  3.0664901819
  0.2128377310  2.9783703582
  0.2104701882  2.8915462584
  0.2081026455  2.8060178826
  0.2057351027  2.7217852303
  0.2033675599  2.6388483022
  0.2010000172  2.5572070969
  0.1986324744  2.4768616162
  0.1962649316  2.3978118689
  0.1938973889  2.3200578304
  0.1915298461  2.2435995220
  0.1891623033  2.1684369394
  0.1867947606  2.0945700804
  0.1844272178  2.0219989470
  0.1820596750  1.9507235379
  0.1796921323  1.8807438533
  0.1773245895  1.8120598920
  0.1749570467  1.7446716542
  0.1725895039  1.6785791402
  0.1702219612  1.6137823500
  0.1678544184  1.5502812839
  0.1654868756  1.4880759417
  0.1631193329  1.4271663237
  0.1607517901  1.3675524296
  0.1583842473  1.3092342477
  0.1560167046  1.2522118016
  0.1536491618  1.1964850796
  0.1512816190  1.1420540817
  0.1489140763  1.0889188078
  0.1465465335  1.0370792581
  0.1441789907  0.9865354324
  0.1418114480  0.9372873308
  0.1394439052  0.8893349532
  0.1370763624  0.8426782998
  0.1347088197  0.7973173704
  0.1323412769  0.7532521714
  0.1299737341  0.7104826858
  0.1276061913  0.6690089287
  0.1252386486  0.6288308949
  0.1228711058  0.5899485868
  0.1205035630  0.5523620052
  0.1181360203  0.5160711462
  0.1157684775  0.4810760024
  0.1134009347  0.4473765898
  0.1110333920  0.4149729012
  0.1086658492  0.3838649368
  0.1062983064  0.3540527034
  0.1039307637  0.3255361817
  0.1015632209  0.2983153916
  0.0991956781  0.2723903222
  0.0968281354  0.2477609758
  0.0944605926  0.2244273561
  0.0920930498  0.2023894602
  0.0897255071  0.1816472884
  0.0873579643  0.1622008407
  0.0849904215  0.1440501171
  0.0826228788  0.1271951176
  0.0802553360  0.1116358421
  0.0778877932  0.0973722908
  0.0755202504  0.0844044636
  0.0731527077  0.0727323606
  0.0707851649  0.0623559818
  0.0684176221  0.0532637551
  0.0660500794  0.0451505469
  0.0636825366  0.0378810543
  0.0613149938  0.0314552673
  0.0589474511  0.0258731982
  0.0565799083  0.0211348428
  0.0542123655  0.0172402018
  0.0518448228  0.0141365863
  0.0494772800  0.0115061760
  0.0471097372  0.0092463569
  0.0447421945  0.0073139634
  0.0423746517  0.0057060799
  0.0400071089  0.0044203134
  0.0376395662  0.0034309259
  0.0352720234  0.0027066198
  0.0329044806  0.0021485774
  0.0305369378  0.0017249735
  0.0281693951  0.0014227382
  0.0258018523  0.0011759447
  0.0234343095  0.0009526428
  0.0210667668  0.0007528330
  0.0186992240  0.0005765132
  0.0163316812  0.0004236834
  0.0139641385  0.0002943441
  0.0115965957  0.0001884967
  0.0092290529  0.0001061370
  0.0068615102  0.0000472678
  0.0044939674  0.0000118888
  0.0021264246  0.0000000042
