  0.0082090000  0.0015166351
  0.0081377459  0.0014266676
  0.0080664919  0.0013447945
  0.0079952378  0.0012699001
  0.0079239838  0.0012019849
  0.0078527297  0.0011410482
  0.0077814757  0.0010867565
  0.0077102216  0.0010359256
  0.0076389675  0.0009875543
  0.0075677135  0.0009416475
  0.0074964594  0.0008982024
  0.0074252054  0.0008572202
  0.0073539513  0.0008187022
  0.0072826972  0.0007826433
  0.0072114432  0.0007490489
  0.0071401891  0.0007178394
  0.0070689351  0.0006889046
  0.0069976810  0.0006622428
  0.0069264270  0.0006378549
  0.0068551729  0.0006154635
  0.0067839188  0.0005944382
  0.0067126648  0.0005746678
  0.0066414107  0.0005558461
  0.0065701567  0.0005379415
  0.0064989026  0.0005208984
  0.0064276485  0.0005046452
  0.0063563945  0.0004890910
  0.0062851404  0.0004741269
  0.0062138864  0.0004597551
  0.0061426323  0.0004459687
  0.0060713783  0.0004327712
  0.0060001242  0.0004201622
  0.0059288701  0.0004079079
  0.0058576161  0.0003958331
  0.0057863620  0.0003839413
  0.0057151080  0.0003722325
  0.0056438539  0.0003607027
  0.0055725998  0.0003493551
  0.0055013458  0.0003381891
  0.0054300917  0.0003272048
  0.0053588377  0.0003164009
  0.0052875836  0.0003057770
  0.0052163296  0.0002953389
  0.0051450755  0.0002850757
  0.0050738214  0.0002749979
  0.0050025674  0.0002651010
  0.0049313133  0.0002553852
  0.0048600593  0.0002458510
  0.0047888052  0.0002365001
  0.0047175512  0.0002273270
  0.0046462971  0.0002183368
  0.0045750430  0.0002095281
  0.0045037890  0.0002009008
  0.0044325349  0.0001924548
  0.0043612809  0.0001841903
  0.0042900268  0.0001761075
  0.0042187727  0.0001682082
  0.0041475187  0.0001604865
  0.0040762646  0.0001529472
  0.0040050106  0.0001455888
  0.0039337565  0.0001384121
  0.0038625025  0.0001314170
  0.0037912484  0.0001246033
  0.0037199943  0.0001179711
  0.0036487403  0.0001115243
  0.0035774862  0.0001052527
  0.0035062322  0.0000991643
  0.0034349781  0.0000932576
  0.0033637240  0.0000875327
  0.0032924700  0.0000819890
  0.0032212159  0.0000766265
  0.0031499619  0.0000714458
  0.0030787078  0.0000664465
  0.0030074538  0.0000616283
  0.0029361997  0.0000569914
  0.0028649456  0.0000525356
  0.0027936916  0.0000482610
  0.0027224375  0.0000441677
  0.0026511835  0.0000402557
  0.0025799294  0.0000365253
  0.0025086753  0.0000329778
  0.0024374213  0.0000296045
  0.0023661672  0.0000264184
  0.0022949132  0.0000234136
  0.0022236591  0.0000205901
  0.0021524051  0.0000179480
  0.0020811510  0.0000154873
  0.0020098969  0.0000132079
  0.0019386429  0.0000111098
  0.0018673888  0.0000091932
  0.0017961348  0.0000074582
  0.0017248807  0.0000059042
  0.0016536266  0.0000045342
  0.0015823726  0.0000033441
  0.0015111185  0.0000023341
  0.0014398645  0.0000015046
  0.0013686104  0.0000008609
  0.0012973564  0.0000003886
  0.0012261023  0.0000001057
  0.0011548482  0.0000000024
