  0.0775114962  0.0847650369
  0.0767499388  0.0807956438
  0.0759883813  0.0769559931
  0.0752268239  0.0732456137
  0.0744652665  0.0696516547
  0.0737037090  0.0661682923
  0.0729421516  0.0627952997
  0.0721805942  0.0595316842
  0.0714190367  0.0563773286
  0.0706574793  0.0533322324
  0.0698959219  0.0503963964
  0.0691343645  0.0475698203
  0.0683728070  0.0448525040
  0.0676112496  0.0422444468
  0.0668496922  0.0397456488
  0.0660881347  0.0373561128
  0.0653265773  0.0350758341
  0.0645650199  0.0329048164
  0.0638034625  0.0308430607
  0.0630419050  0.0288905618
  0.0622803476  0.0270473244
  0.0615187902  0.0253133439
  0.0607572327  0.0236886253
  0.0599956753  0.0221726085
  0.0592341179  0.0207606355
  0.0584725605  0.0194510858
  0.0577110030  0.0182406713
  0.0569494456  0.0171117020
  0.0561878882  0.0160499003
  0.0554263307  0.0150415035
  0.0546647733  0.0140832166
  0.0539032159  0.0131750665
  0.0531416584  0.0123175876
  0.0523801010  0.0115109910
  0.0516185436  0.0107548339
  0.0508569862  0.0100451501
  0.0500954287  0.0093809979
  0.0493338713  0.0087622024
  0.0485723139  0.0081831044
  0.0478107564  0.0076409843
  0.0470491990  0.0071358482
  0.0462876416  0.0066661015
  0.0455260842  0.0062270173
  0.0447645267  0.0058182853
  0.0440029693  0.0054398967
  0.0432414119  0.0050912165
  0.0424798544  0.0047706498
  0.0417182970  0.0044781325
  0.0409567396  0.0042121883
  0.0401951821  0.0039715510
  0.0394336247  0.0037541661
  0.0386720673  0.0035570406
  0.0379105099  0.0033801534
  0.0371489524  0.0032231872
  0.0363873950  0.0030794717
  0.0356258376  0.0029436679
  0.0348642801  0.0028114079
  0.0341027227  0.0026821838
  0.0333411653  0.0025560032
  0.0325796079  0.0024328609
  0.0318180504  0.0023127591
  0.0310564930  0.0021956966
  0.0302949356  0.0020816748
  0.0295333781  0.0019706940
  0.0287718207  0.0018627514
  0.0280102633  0.0017578509
  0.0272487058  0.0016559879
  0.0264871484  0.0015571679
  0.0257255910  0.0014613848
  0.0249640336  0.0013686456
  0.0242024761  0.0012789422
  0.0234409187  0.0011922796
  0.0226793613  0.0011086582
  0.0219178038  0.0010280778
  0.0211562464  0.0009505374
  0.0203946890  0.0008760355
  0.0196331316  0.0008045739
  0.0188715741  0.0007361537
  0.0181100167  0.0006707689
  0.0173484593  0.0006084271
  0.0165869018  0.0005491271
  0.0158253444  0.0004928656
  0.0150637870  0.0004396440
  0.0143022295  0.0003894624
  0.0135406721  0.0003423208
  0.0127791147  0.0002982184
  0.0120175573  0.0002571577
  0.0112559998  0.0002191362
  0.0104944424  0.0001841547
  0.0097328850  0.0001522133
  0.0089713275  0.0001233117
  0.0082097701  0.0000974504
  0.0074482127  0.0000746290
  0.0066866553  0.0000548477
  0.0059250978  0.0000381064
  0.0051635404  0.0000244103
  0.0044019830  0.0000137507
  0.0036404255  0.0000061239
  0.0028788681  0.0000015421
  0.0021173107  0.0000000014
