  0.0097940000  0.0028352430
  0.0097067110  0.0023696631
  0.0096194220  0.0019713370
  0.0095321331  0.0016402493
  0.0094448441  0.0013764154
  0.0093575551  0.0011798311
  0.0092702661  0.0010504938
  0.0091829771  0.0009656553
  0.0090956882  0.0008920132
  0.0090083992  0.0008292776
  0.0089211102  0.0007774489
  0.0088338212  0.0007365278
  0.0087465322  0.0007036155
  0.0086592432  0.0006734245
  0.0085719543  0.0006458323
  0.0084846653  0.0006208509
  0.0083973763  0.0005983872
  0.0083100873  0.0005777409
  0.0082227983  0.0005587488
  0.0081355094  0.0005414041
  0.0080482204  0.0005253259
  0.0079609314  0.0005099506
  0.0078736424  0.0004952659
  0.0077863534  0.0004811131
  0.0076990645  0.0004674390
  0.0076117755  0.0004542421
  0.0075244865  0.0004414747
  0.0074371975  0.0004291213
  0.0073499085  0.0004171825
  0.0072626196  0.0004055167
  0.0071753306  0.0003940170
  0.0070880416  0.0003826838
  0.0070007526  0.0003715191
  0.0069134636  0.0003605125
  0.0068261746  0.0003496781
  0.0067388857  0.0003390031
  0.0066515967  0.0003284966
  0.0065643077  0.0003181554
  0.0064770187  0.0003079796
  0.0063897297  0.0002979691
  0.0063024408  0.0002881241
  0.0062151518  0.0002784444
  0.0061278628  0.0002689301
  0.0060405738  0.0002595813
  0.0059532848  0.0002503978
  0.0058659959  0.0002413797
  0.0057787069  0.0002325268
  0.0056914179  0.0002238394
  0.0056041289  0.0002153177
  0.0055168399  0.0002069609
  0.0054295510  0.0001987696
  0.0053422620  0.0001907493
  0.0052549730  0.0001828891
  0.0051676840  0.0001751937
  0.0050803950  0.0001676588
  0.0049931061  0.0001602965
  0.0049058171  0.0001530990
  0.0048185281  0.0001460620
  0.0047312391  0.0001391972
  0.0046439501  0.0001324915
  0.0045566611  0.0001259543
  0.0044693722  0.0001195822
  0.0043820832  0.0001133821
  0.0042947942  0.0001073389
  0.0042075052  0.0001014622
  0.0041202162  0.0000957481
  0.0040329273  0.0000902033
  0.0039456383  0.0000848238
  0.0038583493  0.0000796097
  0.0037710603  0.0000745609
  0.0036837713  0.0000696789
  0.0035964824  0.0000649606
  0.0035091934  0.0000604065
  0.0034219044  0.0000560194
  0.0033346154  0.0000517970
  0.0032473264  0.0000477405
  0.0031600375  0.0000438493
  0.0030727485  0.0000401236
  0.0029854595  0.0000365632
  0.0028981705  0.0000331682
  0.0028108815  0.0000299387
  0.0027235925  0.0000268751
  0.0026363036  0.0000239763
  0.0025490146  0.0000212428
  0.0024617256  0.0000186746
  0.0023744366  0.0000162719
  0.0022871476  0.0000140346
  0.0021998587  0.0000119627
  0.0021125697  0.0000100562
  0.0020252807  0.0000083150
  0.0019379917  0.0000067393
  0.0018507027  0.0000053350
  0.0017634138  0.0000040866
  0.0016761248  0.0000030082
  0.0015888358  0.0000020934
  0.0015015468  0.0000013435
  0.0014142578  0.0000007589
  0.0013269689  0.0000003480
  0.0012396799  0.0000000921
  0.0011523909  0.0000000019
