  0.0565789621  0.0376359004
  0.0560289512  0.0359286205
  0.0554789403  0.0342781826
  0.0549289294  0.0326845882
  0.0543789185  0.0311478339
  0.0538289076  0.0296679249
  0.0532788967  0.0282448569
  0.0527288858  0.0268786313
  0.0521788749  0.0255692399
  0.0516288640  0.0243110984
  0.0510788530  0.0230993449
  0.0505288421  0.0219339790
  0.0499788312  0.0208149989
  0.0494288203  0.0197424046
  0.0488788094  0.0187161994
  0.0483287985  0.0177363751
  0.0477787876  0.0168029406
  0.0472287767  0.0159158926
  0.0466787658  0.0150752311
  0.0461287549  0.0142792672
  0.0455787440  0.0135199888
  0.0450287331  0.0127939389
  0.0444787222  0.0120934544
  0.0439287112  0.0114178197
  0.0433787003  0.0107670346
  0.0428286894  0.0101411002
  0.0422786785  0.0095400153
  0.0417286676  0.0089637830
  0.0411786567  0.0084117548
  0.0406286458  0.0078832181
  0.0400786349  0.0073781696
  0.0395286240  0.0068966063
  0.0389786131  0.0064385336
  0.0384286022  0.0060039521
  0.0378785913  0.0055928530
  0.0373285803  0.0052052462
  0.0367785694  0.0048410878
  0.0362285585  0.0045002091
  0.0356785476  0.0041825883
  0.0351285367  0.0038881107
  0.0345785258  0.0036164436
  0.0340285149  0.0033675638
  0.0334785040  0.0031414695
  0.0329284931  0.0029364289
  0.0323784822  0.0027428519
  0.0318284713  0.0025591864
  0.0312784604  0.0023854568
  0.0307284495  0.0022217984
  0.0301784385  0.0020682533
  0.0296284276  0.0019248196
  0.0290784167  0.0017913658
  0.0285284058  0.0016660027
  0.0279783949  0.0015479941
  0.0274283840  0.0014371031
  0.0268783731  0.0013333320
  0.0263283622  0.0012366715
  0.0257783513  0.0011471282
  0.0252283404  0.0010642530
  0.0246783295  0.0009866151
  0.0241283186  0.0009138920
  0.0235783077  0.0008455197
  0.0230282967  0.0007814491
  0.0224782858  0.0007216878
  0.0219282749  0.0006662331
  0.0213782640  0.0006149852
  0.0208282531  0.0005678410
  0.0202782422  0.0005246807
  0.0197282313  0.0004854872
  0.0191782204  0.0004503089
  0.0186282095  0.0004183371
  0.0180781986  0.0003892187
  0.0175281877  0.0003627057
  0.0169781768  0.0003372868
  0.0164281658  0.0003127910
  0.0158781549  0.0002892192
  0.0153281440  0.0002665692
  0.0147781331  0.0002448443
  0.0142281222  0.0002240411
  0.0136781113  0.0002041625
  0.0131281004  0.0001852071
  0.0125780895  0.0001671746
  0.0120280786  0.0001500653
  0.0114780677  0.0001338806
  0.0109280568  0.0001186177
  0.0103780459  0.0001042788
  0.0098280350  0.0000908634
  0.0092780240  0.0000783713
  0.0087280131  0.0000668027
  0.0081780022  0.0000561575
  0.0076279913  0.0000464355
  0.0070779804  0.0000376371
  0.0065279695  0.0000297618
  0.0059779586  0.0000228098
  0.0054279477  0.0000167812
  0.0048779368  0.0000116790
  0.0043279259  0.0000074948
  0.0037779150  0.0000042358
  0.0032279041  0.0000019009
  0.0026778931  0.0000004898
  0.0021278822  0.0000000017
