  0.2300696003  1.3211052686
  0.2277675581  1.1771471673
  0.2254655159  1.0451042681
  0.2231634737  0.9246679846
  0.2208614315  0.8148933682
  0.2185593893  0.7157145106
  0.2162573471  0.6271314128
  0.2139553049  0.5491440743
  0.2116532627  0.4817524951
  0.2093512205  0.4249566751
  0.2070491783  0.3787566141
  0.2047471361  0.3431523126
  0.2024450939  0.3178525629
  0.2001430517  0.2965409364
  0.1978410095  0.2766505327
  0.1955389673  0.2581813544
  0.1932369251  0.2411334006
  0.1909348829  0.2255066713
  0.1886328407  0.2112825324
  0.1863307985  0.1980370339
  0.1840287563  0.1855940251
  0.1817267141  0.1739535090
  0.1794246719  0.1631154840
  0.1771226297  0.1530485924
  0.1748205875  0.1435644166
  0.1725185453  0.1345103991
  0.1702165030  0.1258451863
  0.1679144608  0.1175539523
  0.1656124186  0.1096366995
  0.1633103764  0.1020934273
  0.1610083342  0.0949225582
  0.1587062920  0.0881097456
  0.1564042498  0.0816515457
  0.1541022076  0.0755479564
  0.1518001654  0.0697980124
  0.1494981232  0.0644004893
  0.1471960810  0.0593553830
  0.1448940388  0.0546445803
  0.1425919966  0.0502038626
  0.1402899544  0.0460274170
  0.1379879122  0.0421152435
  0.1356858700  0.0384673419
  0.1333838278  0.0350837124
  0.1310817856  0.0319620977
  0.1287797434  0.0290721408
  0.1264777012  0.0263807364
  0.1241756590  0.0238748381
  0.1218736168  0.0215506800
  0.1195715746  0.0193948757
  0.1172695324  0.0174037458
  0.1149674902  0.0155762103
  0.1126654480  0.0139001443
  0.1103634058  0.0123721811
  0.1080613636  0.0109923128
  0.1057593214  0.0097567909
  0.1034572792  0.0086428334
  0.1011552370  0.0076402352
  0.0988531948  0.0067453171
  0.0965511526  0.0059546905
  0.0942491104  0.0052530704
  0.0919470682  0.0046300669
  0.0896450260  0.0040835007
  0.0873429838  0.0036079553
  0.0850409416  0.0031852666
  0.0827388994  0.0028097858
  0.0804368572  0.0024786311
  0.0781348149  0.0021854526
  0.0758327727  0.0019280464
  0.0735307305  0.0017016380
  0.0712286883  0.0015045996
  0.0689266461  0.0013307356
  0.0666246039  0.0011728225
  0.0643225617  0.0010302694
  0.0620205195  0.0009021658
  0.0597184773  0.0007862796
  0.0574164351  0.0006813658
  0.0551143929  0.0005865545
  0.0528123507  0.0005026598
  0.0505103085  0.0004284811
  0.0482082663  0.0003628834
  0.0459062241  0.0003054242
  0.0436041819  0.0002555835
  0.0413021397  0.0002128323
  0.0390000975  0.0001770384
  0.0366980553  0.0001479123
  0.0343960131  0.0001244265
  0.0320939709  0.0001051651
  0.0297919287  0.0000891082
  0.0274898865  0.0000749055
  0.0251878443  0.0000619287
  0.0228858021  0.0000501929
  0.0205837599  0.0000396827
  0.0182817177  0.0000304096
  0.0159796755  0.0000223719
  0.0136776333  0.0000155566
  0.0113755911  0.0000099811
  0.0090735489  0.0000056376
  0.0067715067  0.0000025262
  0.0044694645  0.0000006523
  0.0021674223  0.0000000032
