  0.0317585132  0.0254256432
  0.0314591229  0.0183720312
  0.0311597327  0.0133080133
  0.0308603425  0.0097686788
  0.0305609522  0.0077523751
  0.0302615620  0.0065786469
  0.0299621718  0.0056902118
  0.0296627815  0.0050592881
  0.0293633913  0.0046465009
  0.0290640011  0.0043181890
  0.0287646108  0.0040100212
  0.0284652206  0.0037219975
  0.0281658304  0.0034529985
  0.0278664401  0.0032013868
  0.0275670499  0.0029671524
  0.0272676597  0.0027502923
  0.0269682694  0.0025505640
  0.0266688792  0.0023675308
  0.0263694890  0.0022008055
  0.0260700987  0.0020503878
  0.0257707085  0.0019162716
  0.0254713183  0.0017964357
  0.0251719280  0.0016865525
  0.0248725378  0.0015864751
  0.0245731476  0.0014961471
  0.0242737574  0.0014129044
  0.0239743671  0.0013350335
  0.0236749769  0.0012625341
  0.0233755867  0.0011955183
  0.0230761964  0.0011338294
  0.0227768062  0.0010772466
  0.0224774160  0.0010257714
  0.0221780257  0.0009793515
  0.0218786355  0.0009370887
  0.0215792453  0.0008974045
  0.0212798550  0.0008594773
  0.0209804648  0.0008233347
  0.0206810746  0.0007888050
  0.0203816843  0.0007558763
  0.0200822941  0.0007245443
  0.0197829039  0.0006948129
  0.0194835136  0.0006666895
  0.0191841234  0.0006402181
  0.0188847332  0.0006154185
  0.0185853429  0.0005922910
  0.0182859527  0.0005707328
  0.0179865625  0.0005497977
  0.0176871722  0.0005292550
  0.0173877820  0.0005091036
  0.0170883918  0.0004893459
  0.0167890016  0.0004699745
  0.0164896113  0.0004510005
  0.0161902211  0.0004324117
  0.0158908309  0.0004142145
  0.0155914406  0.0003964085
  0.0152920504  0.0003789991
  0.0149926602  0.0003619742
  0.0146932699  0.0003453411
  0.0143938797  0.0003291012
  0.0140944895  0.0003132521
  0.0137950992  0.0002977939
  0.0134957090  0.0002827267
  0.0131963188  0.0002680547
  0.0128969285  0.0002537676
  0.0125975383  0.0002398751
  0.0122981481  0.0002263705
  0.0119987578  0.0002132592
  0.0116993676  0.0002005402
  0.0113999774  0.0001882099
  0.0111005871  0.0001762719
  0.0108011969  0.0001647252
  0.0105018067  0.0001535695
  0.0102024164  0.0001428093
  0.0099030262  0.0001324321
  0.0096036360  0.0001224492
  0.0093042458  0.0001128584
  0.0090048555  0.0001036579
  0.0087054653  0.0000948484
  0.0084060751  0.0000864332
  0.0081066848  0.0000784035
  0.0078072946  0.0000707677
  0.0075079044  0.0000635231
  0.0072085141  0.0000566694
  0.0069091239  0.0000502126
  0.0066097337  0.0000441359
  0.0063103434  0.0000384589
  0.0060109532  0.0000331663
  0.0057115630  0.0000282684
  0.0054121727  0.0000237618
  0.0051127825  0.0000196476
  0.0048133923  0.0000159265
  0.0045140020  0.0000125915
  0.0042146118  0.0000096483
  0.0039152216  0.0000070960
  0.0036158313  0.0000049355
  0.0033164411  0.0000031660
  0.0030170509  0.0000017876
  0.0027176606  0.0000008006
  0.0024182704  0.0000002080
  0.0021188802  0.0000000008
